3 0.04609375 0.26953125 0.0921875 0.1359375
3 0.2484375 0.296875 0.1484375 0.153125
3 0.1296875 0.29296875 0.1484375 0.1265625
3 0.14609375 0.38203125 0.15 0.109375
3 0.3484375 0.31953125 0.13125 0.1125
3 0.4453125 0.309375 0.15625 0.0859375
3 0.49296875 0.38359375 0.13125 0.146875
3 0.35390625 0.47890625 0.125 0.0984375
1 0.25625 0.4296875 0.0828125 0.1234375
1 0.39296875 0.40078125 0.0640625 0.0953125
1 0.38203125 0.61484375 0.1 0.19375
0 0.2046875 0.95390625 0.18125 0.0921875
1 0.36015625 0.815625 0.1875 0.2328125
1 0.309375 0.51015625 0.08125 0.1203125