3 0.5359375 0.1 0.2359375 0.125
2 0.85 0.19296875 0.1203125 0.0671875
0 0.85546875 0.84921875 0.140625 0.1484375
0 0.8546875 0.51328125 0.1171875 0.0984375
3 0.378125 0.17109375 0.24375 0.0984375
3 0.27734375 0.28671875 0.309375 0.109375
3 0.08984375 0.20625 0.1609375 0.2234375
3 0.2203125 0.09453125 0.2203125 0.0984375
3 0.70703125 0.4015625 0.1671875 0.0625
3 0.590625 0.48203125 0.2484375 0.1546875
3 0.15859375 0.3671875 0.309375 0.1359375
3 0.65234375 0.19375 0.2125 0.121875
3 0.4984375 0.38515625 0.303125 0.15625
1 0.78046875 0.5828125 0.09375 0.1796875
1 0.93671875 0.33984375 0.103125 0.2421875
1 0.84609375 0.36484375 0.065625 0.1875
1 0.771875 0.32421875 0.1640625 0.121875
1 0.64921875 0.3234375 0.0796875 0.1265625
1 0.56171875 0.28203125 0.0765625 0.090625
1 0.47890625 0.2609375 0.1140625 0.0984375
2 0.44375 0.290625 0.0921875 0.0390625
2 0.46484375 0.32734375 0.0796875 0.03125
2 0.478125 0.3546875 0.1015625 0.0375
2 0.69296875 0.225 0.10625 0.05625
2 0.7109375 0.07421875 0.059375 0.0359375
2 0.69765625 0.10546875 0.0515625 0.025
2 0.33671875 0.23046875 0.0671875 0.0328125
3 0.68984375 0.671875 0.1296875 0.075
3 0.81484375 0.234375 0.1109375 0.0578125
3 0.228125 0.153125 0.0984375 0.053125