0 0.22421875 0.82890625 0.44609375 0.3421875
1 0.2625 0.63984375 0.0609375 0.15546875
1 0.240625 0.47421875 0.07421875 0.16796875
3 0.353125 0.11328125 0.43359375 0.16484375
3 0.2078125 0.26953125 0.14140625 0.15078125
3 0.33046875 0.2484375 0.13828125 0.1453125
3 0.62734375 0.1796875 0.10546875 0.06640625
3 0.76015625 0.15703125 0.22578125 0.140625
3 0.7328125 0.28984375 0.18671875 0.14375
3 0.5640625 0.28515625 0.18203125 0.08828125
3 0.43984375 0.35703125 0.16484375 0.06796875
3 0.41640625 0.5234375 0.18984375 0.0953125