0 0.8421875 0.25625 0.1859375 0.1359375
3 0.8796875 0.70859375 0.1078125 0.1328125
3 0.77421875 0.68828125 0.184375 0.1828125
3 0.34296875 0.50390625 0.2046875 0.128125
3 0.36953125 0.6375 0.2578125 0.221875
3 0.6125 0.6953125 0.20625 0.1375
3 0.803125 0.85546875 0.2234375 0.1625
3 0.7140625 0.9359375 0.1078125 0.1265625
3 0.53125 0.6265625 0.1359375 0.1515625
1 0.63828125 0.42109375 0.190625 0.3046875
1 0.559375 0.8046875 0.28125 0.153125
1 0.6375 0.5953125 0.11875 0.121875
1 0.484375 0.63984375 0.14375 0.265625