3 0.3578125 0.33828125 0.1546875 0.121875
3 0.1 0.66328125 0.1453125 0.1375
3 0.20390625 0.625 0.0625 0.0859375
3 0.29296875 0.62890625 0.11875 0.05625
3 0.2796875 0.60234375 0.0703125 0.0640625
3 0.3984375 0.60625 0.10625 0.05
3 0.35625 0.7 0.1234375 0.0984375
3 0.29140625 0.70234375 0.05625 0.0609375
2 0.3390625 0.68125 0.0609375 0.0734375
2 0.40078125 0.6421875 0.1234375 0.0484375
2 0.509375 0.66875 0.025 0.0546875
2 0.53828125 0.70703125 0.0390625 0.04375
2 0.5609375 0.7296875 0.0421875 0.0421875
2 0.1453125 0.91875 0.146875 0.1625
2 0.56171875 0.5890625 0.0546875 0.115625
2 0.5 0.5921875 0.0859375 0.05625
2 0.48515625 0.5515625 0.09375 0.0515625
1 0.1109375 0.78671875 0.053125 0.121875
1 0.51640625 0.83046875 0.184375 0.15
1 0.21640625 0.76328125 0.16875 0.053125
1 0.440625 0.71015625 0.14375 0.0484375
1 0.140625 0.4828125 0.0953125 0.246875
1 0.40234375 0.54765625 0.09375 0.10625
1 0.3234375 0.4921875 0.1375 0.1078125
1 0.2328125 0.51328125 0.0578125 0.1578125
1 0.25234375 0.4109375 0.2078125 0.0625
0 0.11484375 0.1609375 0.1578125 0.1015625
1 0.10625 0.2890625 0.0625 0.171875