0 0.1453125 0.9140625 0.23984375 0.05390625
0 0.2515625 0.86875 0.06171875 0.0625
1 0.28984375 0.75546875 0.0921875 0.14921875
1 0.35390625 0.625 0.08046875 0.12265625
1 0.44296875 0.61171875 0.134375 0.06015625
3 0.4765625 0.54375 0.10078125 0.05546875
3 0.5796875 0.57265625 0.14921875 0.07421875
3 0.33359375 0.2578125 0.11640625 0.0515625
3 0.3625 0.290625 0.17578125 0.0515625
3 0.4203125 0.33359375 0.11796875 0.071875
1 0.334375 0.12109375 0.08984375 0.1046875
1 0.38125 0.18828125 0.2125 0.0375
1 0.48203125 0.2328125 0.08046875 0.0953125
1 0.23046875 0.30546875 0.0859375 0.11875
1 0.3078125 0.38359375 0.171875 0.053125
1 0.459375 0.42578125 0.19296875 0.115625
1 0.55859375 0.496875 0.25390625 0.053125