0 0.24921875 0.59375 0.084375 0.0453125
1 0.3203125 0.490625 0.071875 0.184375
1 0.33203125 0.3671875 0.065625 0.09375
1 0.4015625 0.36484375 0.1140625 0.075
2 0.28046875 0.13359375 0.1171875 0.1015625
2 0.37109375 0.228125 0.159375 0.078125
2 0.45234375 0.25546875 0.0515625 0.071875
2 0.46328125 0.309375 0.0453125 0.0390625
3 0.21953125 0.475 0.096875 0.09375
3 0.50625 0.41640625 0.10625 0.1125
3 0.39765625 0.26328125 0.065625 0.0390625
3 0.3390625 0.2765625 0.04375 0.0515625
3 0.28515625 0.3609375 0.046875 0.059375
3 0.184375 0.20078125 0.1234375 0.075
3 0.1265625 0.23671875 0.0796875 0.05625
1 0.26640625 0.26328125 0.0609375 0.0859375
1 0.2796875 0.3140625 0.0421875 0.0390625
3 0.12578125 0.13828125 0.0734375 0.0515625
3 0.37890625 0.296875 0.0734375 0.059375
1 0.2859375 0.2140625 0.0609375 0.08125
1 0.31015625 0.29453125 0.05 0.084375
1 0.4140625 0.31484375 0.025 0.05625
3 0.44296875 0.44296875 0.0765625 0.0921875
3 0.2078125 0.26484375 0.0765625 0.0640625