3 0.5015625 0.340625 0.115625 0.109375
3 0.43046875 0.3703125 0.09375 0.0828125
3 0.26171875 0.23515625 0.10625 0.09375
0 0.2703125 0.14921875 0.1953125 0.1296875
0 0.3171875 0.20625 0.0671875 0.0671875
1 0.378125 0.34609375 0.0671875 0.1390625
3 0.2546875 0.334375 0.2078125 0.1609375
3 0.30390625 0.42421875 0.1484375 0.10625
3 0.4703125 0.47734375 0.1390625 0.078125
3 0.27421875 0.49296875 0.1921875 0.1
3 0.2578125 0.54609375 0.20625 0.0953125
3 0.27421875 0.6140625 0.1328125 0.1234375
3 0.05625 0.56171875 0.09375 0.103125
3 0.1859375 0.3921875 0.0765625 0.0515625
3 0.15625 0.33828125 0.08125 0.0765625
3 0.26953125 0.73515625 0.1921875 0.13125
3 0.25546875 0.8046875 0.1578125 0.0953125
3 0.23203125 0.84765625 0.0984375 0.059375
3 0.1078125 0.83203125 0.178125 0.0796875
3 0.08203125 0.75703125 0.1640625 0.1359375
3 0.11484375 0.6640625 0.1421875 0.1328125
2 0.171875 0.4453125 0.096875 0.0640625
1 0.45234375 0.63125 0.1609375 0.2515625
1 0.4953125 0.81953125 0.08125 0.1890625
1 0.4296875 0.7921875 0.0890625 0.146875
1 0.04375 0.4296875 0.0875 0.203125