3 0.81484375 0.20703125 0.1375 0.1828125
3 0.94609375 0.14296875 0.1078125 0.0609375
3 0.69921875 0.26640625 0.1265625 0.1359375
3 0.64375 0.34765625 0.0640625 0.0515625
3 0.646875 0.375 0.071875 0.0453125
3 0.57421875 0.265625 0.146875 0.06875
3 0.49296875 0.32578125 0.05 0.1
3 0.5390625 0.41953125 0.0421875 0.046875
3 0.5875 0.38671875 0.0453125 0.0421875
3 0.3671875 0.3359375 0.0484375 0.0484375
3 0.47421875 0.4578125 0.1171875 0.0703125
3 0.4140625 0.44921875 0.0609375 0.0890625
3 0.44375 0.51484375 0.0546875 0.0703125
3 0.43125 0.55703125 0.040625 0.03125
3 0.678125 0.7 0.0953125 0.1984375
3 0.7265625 0.74140625 0.078125 0.140625
3 0.51953125 0.740625 0.05625 0.0515625
3 0.428125 0.7765625 0.0734375 0.0890625
3 0.4515625 0.70078125 0.05625 0.0671875
3 0.50234375 0.8 0.1 0.075
3 0.759375 0.78515625 0.1140625 0.059375
3 0.62734375 0.59296875 0.0796875 0.0796875
3 0.878125 0.578125 0.1515625 0.10625
3 0.7953125 0.5 0.1625 0.140625
3 0.83828125 0.34609375 0.1421875 0.1484375
3 0.69921875 0.38359375 0.075 0.0765625
0 0.82578125 0.93828125 0.1015625 0.1234375
0 0.665625 0.85625 0.0609375 0.109375
1 0.834375 0.71015625 0.0734375 0.1578125
1 0.771875 0.65703125 0.0515625 0.1875
1 0.84140625 0.81875 0.0921875 0.121875
1 0.56796875 0.46953125 0.0671875 0.1375
1 0.53671875 0.6703125 0.075 0.1234375
1 0.51015625 0.5609375 0.0890625 0.125
1 0.603125 0.51875 0.1046875 0.121875
3 0.521875 0.346875 0.0875 0.0890625