3 0.4328125 0.17109375 0.171875 0.13125
3 0.16328125 0.4 0.1015625 0.103125
3 0.221875 0.3484375 0.10546875 0.1
3 0.28203125 0.390625 0.18515625 0.03984375
3 0.67265625 0.24375 0.1484375 0.07890625
3 0.5984375 0.29765625 0.23203125 0.0421875
3 0.49921875 0.3546875 0.13359375 0.071875
3 0.0859375 0.46015625 0.171875 0.0453125
3 0.06484375 0.50078125 0.1203125 0.02578125
3 0.32890625 0.234375 0.21640625 0.09296875
2 0.74609375 0.34296875 0.365625 0.05390625
2 0.83125 0.26015625 0.1796875 0.121875
2 0.58359375 0.14921875 0.1421875 0.10078125
2 0.31796875 0.47109375 0.16484375 0.06484375
2 0.4640625 0.4125 0.19375 0.0578125
0 0.26328125 0.87890625 0.37421875 0.23125
1 0.23203125 0.6890625 0.184375 0.1421875
1 0.13671875 0.5625 0.0609375 0.1203125
1 0.18203125 0.5640625 0.06796875 0.14609375
1 0.234375 0.5859375 0.07734375 0.2140625
1 0.15703125 0.309375 0.02734375 0.08515625
1 0.62265625 0.403125 0.32265625 0.028125
1 0.35078125 0.4265625 0.275 0.05546875