0 0.7578125 0.9109375 0.1625 0.178125
0 0.653125 0.86484375 0.190625 0.2703125
1 0.5578125 0.6484375 0.15 0.075
3 0.40703125 0.6046875 0.1609375 0.1515625
3 0.51796875 0.59375 0.084375 0.053125
3 0.571875 0.5484375 0.0609375 0.0734375
2 0.965625 0.18359375 0.06875 0.0640625
2 0.59609375 0.20625 0.0765625 0.0609375
2 0.7109375 0.265625 0.1703125 0.1171875
2 0.81171875 0.11640625 0.10625 0.0671875
2 0.59609375 0.4453125 0.178125 0.1
2 0.74765625 0.50234375 0.109375 0.0734375
2 0.58046875 0.23671875 0.1640625 0.0828125
2 0.528125 0.271875 0.184375 0.1015625
2 0.459375 0.33671875 0.1390625 0.1375
2 0.5234375 0.3703125 0.1203125 0.121875
2 0.6953125 0.32421875 0.1109375 0.103125
2 0.69453125 0.63046875 0.1140625 0.0609375
2 0.67265625 0.55234375 0.096875 0.1203125
1 0.73125 0.4453125 0.0453125 0.0484375
1 0.65859375 0.38359375 0.15625 0.078125
1 0.6203125 0.3328125 0.1140625 0.096875
1 0.4578125 0.4859375 0.0921875 0.1234375
1 0.35859375 0.4796875 0.1515625 0.109375
1 0.34765625 0.32890625 0.11875 0.246875
1 0.51484375 0.159375 0.134375 0.128125
1 0.43046875 0.215625 0.1 0.090625
1 0.7578125 0.13203125 0.3390625 0.140625
1 0.73125 0.18828125 0.128125 0.1203125
1 0.98828125 0.24609375 0.0234375 0.1609375