0 0.8984375 0.80078125 0.171875 0.11875
0 0.7765625 0.684375 0.096875 0.1109375
1 0.746875 0.546875 0.0890625 0.1921875
1 0.74921875 0.36796875 0.0875 0.165625
1 0.63984375 0.55078125 0.0671875 0.1703125
1 0.65859375 0.6828125 0.096875 0.171875
3 0.6640625 0.075 0.28125 0.1390625
3 0.74375 0.1625 0.14375 0.1046875
3 0.63671875 0.2484375 0.1375 0.125
3 0.50234375 0.25390625 0.1421875 0.1390625
3 0.84609375 0.2703125 0.165625 0.1421875
3 0.6390625 0.39375 0.11875 0.1625
3 0.52421875 0.36171875 0.1578125 0.1125
3 0.32265625 0.415625 0.3015625 0.209375
3 0.471875 0.490625 0.25625 0.1515625
3 0.225 0.5609375 0.1640625 0.1765625
3 0.33046875 0.609375 0.125 0.096875
3 0.39453125 0.65390625 0.1375 0.096875