3 0.4671875 0.834375 0.184375 0.1484375
3 0.17578125 0.634375 0.1125 0.1125
3 0.2390625 0.6796875 0.115625 0.1109375
3 0.29453125 0.63125 0.1890625 0.059375
3 0.6984375 0.73671875 0.15625 0.09375
3 0.61875 0.690625 0.2359375 0.065625
3 0.5140625 0.64453125 0.140625 0.0859375
3 0.0921875 0.5828125 0.175 0.0625
3 0.0671875 0.54453125 0.121875 0.0375
3 0.3578125 0.78203125 0.225 0.115625
2 0.7609375 0.63046875 0.36875 0.0921875
2 0.8546875 0.70390625 0.1921875 0.140625
2 0.61953125 0.83984375 0.1515625 0.115625
2 0.321875 0.54765625 0.1703125 0.08125
2 0.4734375 0.590625 0.1984375 0.078125
0 0.225 0.14765625 0.396875 0.26875
1 0.2140625 0.33984375 0.1984375 0.1609375
1 0.13203125 0.47578125 0.0734375 0.1265625
1 0.17734375 0.46953125 0.0828125 0.153125
1 0.2265625 0.4421875 0.1 0.2203125
1 0.17890625 0.72578125 0.0359375 0.0875
1 0.63203125 0.58359375 0.3234375 0.0609375
1 0.359375 0.58828125 0.2796875 0.084375