0 0.2859375 0.86171875 0.1859375 0.1359375
3 0.06796875 0.4640625 0.1078125 0.1328125
3 0.1734375 0.4390625 0.184375 0.1828125
3 0.6421875 0.43203125 0.2046875 0.128125
3 0.56328125 0.32109375 0.2578125 0.221875
3 0.31796875 0.3671875 0.20625 0.1375
3 0.0953125 0.2984375 0.190625 0.1625
3 0.12734375 0.1890625 0.1078125 0.1265625
3 0.41953125 0.396875 0.1359375 0.1515625
1 0.40625 0.62890625 0.190625 0.3046875
1 0.321875 0.2453125 0.28125 0.153125
1 0.33515625 0.46875 0.11875 0.121875
1 0.45703125 0.36640625 0.14375 0.265625