3 0.37421875 0.27421875 0.1078125 0.1109375
3 0.33828125 0.14453125 0.115625 0.0734375
3 0.3328125 0.5234375 0.0828125 0.08125
3 0.2234375 0.60625 0.05 0.05625
3 0.33125 0.6109375 0.1296875 0.0828125
3 0.30859375 0.671875 0.0953125 0.1015625
3 0.48046875 0.62265625 0.0890625 0.0796875
0 0.096875 0.92421875 0.1171875 0.08125
1 0.315625 0.7875 0.1640625 0.078125
1 0.3921875 0.69921875 0.059375 0.1265625
1 0.46015625 0.3546875 0.06875 0.16875
1 0.49921875 0.50078125 0.0625 0.1734375
1 0.4046875 0.5578125 0.0484375 0.1703125
1 0.23671875 0.06171875 0.2140625 0.0953125
1 0.1109375 0.1265625 0.0828125 0.1640625
1 0.159375 0.24765625 0.08125 0.1140625
1 0.23984375 0.334375 0.1078125 0.1265625
1 0.3140625 0.334375 0.053125 0.1296875
1 0.15546875 0.35390625 0.1109375 0.0671875
1 0.353125 0.41015625 0.0546875 0.1625
1 0.4453125 0.378125 0.1078125 0.034375
1 0.3078125 0.41171875 0.0875 0.0875