0 0.1625 0.11953125 0.125 0.2171875
0 0.27890625 0.165625 0.1453125 0.2640625
1 0.41484375 0.365625 0.1453125 0.05
3 0.57109375 0.3796875 0.140625 0.1296875
3 0.46484375 0.4109375 0.08125 0.0390625
3 0.4203125 0.46640625 0.0515625 0.065625
2 0.08828125 0.9015625 0.090625 0.0484375
2 0.46171875 0.80703125 0.06875 0.05
2 0.33828125 0.7703125 0.159375 0.090625
2 0.2671875 0.9359375 0.1 0.05
2 0.41640625 0.57265625 0.1703125 0.0703125
2 0.25703125 0.5453125 0.103125 0.05625
2 0.471875 0.77421875 0.159375 0.0546875
2 0.51640625 0.72890625 0.178125 0.0703125
2 0.57109375 0.65234375 0.1203125 0.11875
2 0.5015625 0.63125 0.103125 0.10625
2 0.3421875 0.71015625 0.0984375 0.0875
2 0.284375 0.40859375 0.109375 0.0421875
2 0.3203125 0.48203125 0.0796875 0.1078125
1 0.28359375 0.59765625 0.0390625 0.04375
1 0.36640625 0.64453125 0.1515625 0.05
1 0.41328125 0.6875 0.1015625 0.08125
1 0.54453125 0.50546875 0.0734375 0.1140625
1 0.64296875 0.49296875 0.140625 0.0859375
1 0.68203125 0.63828125 0.075 0.2421875
1 0.55 0.8375 0.1171875 0.1109375
1 0.62265625 0.76640625 0.0890625 0.0765625
1 0.3171875 0.91015625 0.3359375 0.0796875
1 0.33203125 0.85 0.1140625 0.103125
1 0.03359375 0.85 0.0671875 0.153125