0 0.73515625 0.9671875 0.2453125 0.065625
0 0.64453125 0.9203125 0.0765625 0.0765625
1 0.63671875 0.80078125 0.128125 0.16875
1 0.60859375 0.65859375 0.109375 0.1390625
1 0.5265625 0.62265625 0.1453125 0.0921875
3 0.5109375 0.5484375 0.1109375 0.0796875
3 0.40390625 0.54921875 0.1640625 0.1109375
3 0.7234375 0.309375 0.1265625 0.0796875
3 0.68671875 0.33359375 0.1828125 0.0953125
3 0.6203125 0.36015625 0.1328125 0.1
1 0.7578125 0.1765625 0.1140625 0.125
1 0.6953125 0.2296875 0.215625 0.090625
1 0.58671875 0.246875 0.103125 0.1125
1 0.8109375 0.38203125 0.1140625 0.1375
1 0.715625 0.4375 0.1796875 0.0953125
1 0.55859375 0.4390625 0.215625 0.1609375
1 0.44453125 0.48203125 0.259375 0.1171875