3 0.33671875 0.70078125 0.1234375 0.125
3 0.27890625 0.821875 0.1234375 0.0890625
3 0.3390625 0.44765625 0.09375 0.0921875
3 0.24609375 0.346875 0.0578125 0.0625
3 0.353125 0.3609375 0.1390625 0.1015625
3 0.34140625 0.29765625 0.1078125 0.1125
3 0.5015625 0.37578125 0.1 0.0921875
0 0.17578125 0.03046875 0.1265625 0.0609375
1 0.36875 0.18515625 0.1703125 0.103125
1 0.428125 0.28515625 0.0796875 0.13125
1 0.43515625 0.6359375 0.0953125 0.1734375
1 0.49921875 0.49921875 0.090625 0.1765625
1 0.41640625 0.4265625 0.0765625 0.1703125
1 0.16484375 0.8859375 0.2203125 0.128125
1 0.053125 0.8 0.10625 0.171875
1 0.12109375 0.68984375 0.0984375 0.1234375
1 0.215625 0.61796875 0.125 0.140625
1 0.2875 0.63046875 0.0734375 0.134375
1 0.13515625 0.584375 0.1171875 0.084375
1 0.33984375 0.56328125 0.08125 0.1640625
1 0.425 0.61015625 0.1078125 0.0515625
1 0.2953125 0.55390625 0.1 0.1