0 0.8703125 0.834375 0.165625 0.10625
0 0.759375 0.7078125 0.0890625 0.1046875
1 0.7421875 0.56796875 0.0734375 0.1890625
1 0.759375 0.390625 0.075 0.1625
1 0.63515625 0.5625 0.053125 0.16875
1 0.6421875 0.69609375 0.0828125 0.1671875
3 0.7 0.09140625 0.2765625 0.115625
3 0.771875 0.18515625 0.1375 0.0953125
3 0.6578125 0.2609375 0.1296875 0.115625
3 0.52421875 0.2546875 0.1328125 0.1296875
3 0.86484375 0.30078125 0.15625 0.1296875
3 0.64765625 0.40625 0.10625 0.15625
3 0.5359375 0.3640625 0.1515625 0.1015625
3 0.33046875 0.4 0.290625 0.1875
3 0.4734375 0.48828125 0.2484375 0.1328125
3 0.22109375 0.53671875 0.153125 0.165625
3 0.321875 0.59375 0.11875 0.0890625
3 0.38203125 0.64453125 0.1328125 0.0859375