3 0.5265625 0.6578125 0.1046875 0.0953125
3 0.59140625 0.615625 0.084375 0.071875
3 0.78046875 0.71953125 0.096875 0.0796875
0 0.78671875 0.80546875 0.1859375 0.1015625
0 0.73046875 0.7578125 0.059375 0.059375
1 0.646875 0.63046875 0.04375 0.1375
3 0.7703125 0.62109375 0.19375 0.1328125
3 0.70625 0.540625 0.140625 0.0859375
3 0.5328125 0.5171875 0.134375 0.0578125
3 0.7234375 0.46796875 0.1875 0.0703125
3 0.73046875 0.4125 0.2046875 0.0625
3 0.70234375 0.3484375 0.1203125 0.10625
3 0.92578125 0.3625 0.08125 0.09375
3 0.828125 0.5515625 0.071875 0.040625
3 0.8671875 0.59921875 0.071875 0.0671875
3 0.6859375 0.228125 0.1828125 0.1046875
3 0.6875 0.15703125 0.1515625 0.071875
3 0.703125 0.1109375 0.0953125 0.0453125
3 0.82890625 0.10546875 0.178125 0.05
3 0.87265625 0.1734375 0.1640625 0.1125
3 0.85078125 0.27109375 0.128125 0.1140625
2 0.8328125 0.496875 0.0921875 0.05
1 0.5234375 0.3625 0.125 0.240625
1 0.44921875 0.184375 0.05 0.1875
1 0.51875 0.2 0.0671875 0.140625
1 0.96328125 0.48984375 0.0609375 0.2015625