3 0.1703125 0.77578125 0.1453125 0.1875
3 0.0453125 0.8328125 0.090625 0.065625
3 0.2890625 0.7234375 0.13125 0.140625
3 0.3484375 0.64453125 0.0671875 0.053125
3 0.346875 0.6171875 0.0734375 0.0484375
3 0.4140625 0.7296875 0.1484375 0.075
3 0.49765625 0.675 0.0546875 0.1015625
3 0.45703125 0.578125 0.0453125 0.0484375
3 0.40625 0.60859375 0.046875 0.0453125
3 0.62421875 0.6703125 0.0515625 0.05
3 0.5234375 0.54375 0.11875 0.075
3 0.5828125 0.55546875 0.065625 0.0921875
3 0.55703125 0.48828125 0.0578125 0.071875
3 0.571875 0.44609375 0.040625 0.0328125
3 0.3328125 0.290625 0.103125 0.2
3 0.28671875 0.246875 0.084375 0.1421875
3 0.49296875 0.259375 0.0578125 0.0546875
3 0.5859375 0.228125 0.0765625 0.0921875
3 0.559375 0.30234375 0.0578125 0.06875
3 0.5140625 0.2 0.103125 0.0796875
3 0.25546875 0.2015625 0.115625 0.065625
3 0.37734375 0.40078125 0.0828125 0.0828125
3 0.1265625 0.40234375 0.1546875 0.1125
3 0.20546875 0.48515625 0.1671875 0.1484375
3 0.1546875 0.6359375 0.1484375 0.153125
3 0.29453125 0.60546875 0.078125 0.0796875
0 0.19765625 0.05390625 0.1078125 0.1078125
0 0.35390625 0.1359375 0.065625 0.1109375
1 0.17734375 0.27265625 0.0796875 0.159375
1 0.23671875 0.32890625 0.0609375 0.1859375
1 0.175 0.1640625 0.0984375 0.125
1 0.43046875 0.52734375 0.0734375 0.1390625
1 0.471875 0.328125 0.0796875 0.125
1 0.49296875 0.4390625 0.09375 0.128125
1 0.39765625 0.4765625 0.109375 0.125
3 0.4703125 0.6515625 0.090625 0.0921875