3 0.46015625 0.6546875 0.096875 0.08671875
3 0.39921875 0.60703125 0.0796875 0.06484375
3 0.2015625 0.69453125 0.09140625 0.071875
0 0.1875 0.7796875 0.1796875 0.08671875
0 0.24765625 0.73671875 0.0546875 0.05546875
1 0.3421875 0.6171875 0.0328125 0.134375
3 0.2203125 0.596875 0.18359375 0.11796875
3 0.290625 0.52265625 0.134375 0.07421875
3 0.465625 0.5140625 0.13125 0.04609375
3 0.28046875 0.4484375 0.18359375 0.0546875
3 0.278125 0.39296875 0.2015625 0.0453125
3 0.31171875 0.33125 0.11171875 0.09765625
3 0.0875 0.32578125 0.07421875 0.0875
3 0.16875 0.52265625 0.06953125 0.03515625
3 0.12578125 0.5671875 0.0671875 0.0609375
3 0.33828125 0.21328125 0.17578125 0.0890625
3 0.34296875 0.1421875 0.14765625 0.059375
3 0.33125 0.09453125 0.0921875 0.0375
3 0.20703125 0.078125 0.175 0.03515625
3 0.15703125 0.1421875 0.15625 0.09921875
3 0.1703125 0.24140625 0.11953125 0.1046875
2 0.16875 0.46796875 0.0890625 0.04296875
1 0.48828125 0.3609375 0.1046875 0.2328125
1 0.578125 0.18984375 0.034375 0.1859375
1 0.5078125 0.19921875 0.05546875 0.13671875
1 0.0390625 0.44921875 0.04453125 0.19765625