3 0.5296875 0.81484375 0.146875 0.0875
3 0.63203125 0.79921875 0.11875 0.0765625
3 0.55546875 0.7515625 0.1078125 0.0546875
3 0.51484375 0.69765625 0.1421875 0.071875
3 0.64453125 0.671875 0.1609375 0.09375
3 0.940625 0.5109375 0.1109375 0.0796875
3 0.83046875 0.5234375 0.0828125 0.05625
3 0.43203125 0.61953125 0.1296875 0.1375
3 0.53203125 0.57421875 0.04375 0.0359375
3 0.58515625 0.55390625 0.0484375 0.0375
3 0.7046875 0.55703125 0.065625 0.05
3 0.6734375 0.528125 0.0875 0.04375
2 0.50703125 0.89609375 0.1203125 0.09375
2 0.59921875 0.8515625 0.140625 0.0859375
2 0.42578125 0.92734375 0.0625 0.0609375
2 0.43671875 0.89375 0.1 0.0421875
2 0.34140625 0.9203125 0.1 0.0921875
2 0.296875 0.85859375 0.0859375 0.075
2 0.4328125 0.79609375 0.0671875 0.0484375
2 0.503125 0.79609375 0.0828125 0.053125
2 0.35 0.7921875 0.1234375 0.0609375
2 0.33046875 0.7515625 0.0921875 0.0609375
2 0.14921875 0.73984375 0.10625 0.065625
1 0.25546875 0.9015625 0.09375 0.034375
1 0.20078125 0.85390625 0.0484375 0.0953125
1 0.21015625 0.77109375 0.0890625 0.103125
1 0.34140625 0.75703125 0.228125 0.06875
1 0.23125 0.690625 0.0921875 0.09375
1 0.18828125 0.715625 0.1796875 0.1859375
1 0.2453125 0.56015625 0.16875 0.159375
0 0.24609375 0.43515625 0.1453125 0.1421875
0 0.140625 0.27890625 0.28125 0.1734375
1 0.40234375 0.37109375 0.165625 0.0734375
1 0.48203125 0.415625 0.190625 0.0859375
1 0.53984375 0.4875 0.0734375 0.1140625
1 0.4921875 0.4625 0.0578125 0.0734375
1 0.63125 0.478125 0.078125 0.0859375