3 0.45390625 0.81328125 0.1484375 0.09375
3 0.35234375 0.7921875 0.1203125 0.08125
3 0.43125 0.7484375 0.109375 0.059375
3 0.475 0.696875 0.1421875 0.078125
3 0.346875 0.6640625 0.1625 0.1015625
3 0.059375 0.4875 0.1140625 0.084375
3 0.16875 0.50625 0.084375 0.0609375
3 0.56171875 0.62265625 0.1359375 0.1421875
3 0.4640625 0.571875 0.0453125 0.0375
3 0.41171875 0.54921875 0.05 0.0390625
3 0.29296875 0.54609375 0.0671875 0.0515625
3 0.325 0.51875 0.0890625 0.0484375
2 0.471875 0.8953125 0.1234375 0.0984375
2 0.3828125 0.8453125 0.1421875 0.0921875
2 0.5515625 0.93046875 0.065625 0.0625
2 0.54296875 0.89609375 0.1015625 0.046875
2 0.63671875 0.928125 0.103125 0.0953125
2 0.684375 0.86875 0.0890625 0.078125
2 0.5515625 0.79921875 0.06875 0.0515625
2 0.48125 0.7953125 0.084375 0.05625
2 0.634375 0.79921875 0.125 0.0671875
2 0.65625 0.76015625 0.09375 0.0640625
2 0.8375 0.7578125 0.1078125 0.0703125
1 0.7234375 0.9140625 0.09375 0.0390625
1 0.78046875 0.86953125 0.053125 0.0953125
1 0.77578125 0.7859375 0.09375 0.10625
1 0.6453125 0.76484375 0.228125 0.08125
1 0.75859375 0.7046875 0.0953125 0.096875
1 0.8 0.73125 0.1859375 0.1921875
1 0.7515625 0.5734375 0.175 0.165625
0 0.75703125 0.4484375 0.15 0.1484375
0 0.86328125 0.2984375 0.2734375 0.1875
1 0.6046875 0.37578125 0.1671875 0.08125
1 0.52265625 0.4171875 0.1921875 0.0953125
1 0.4609375 0.48515625 0.078125 0.1171875
1 0.509375 0.4625 0.0609375 0.075
1 0.3703125 0.471875 0.08125 0.0890625