3 0.634375 0.1921875 0.1953125 0.1640625
3 0.85 0.471875 0.1203125 0.121875
3 0.80390625 0.409375 0.1234375 0.1203125
3 0.7359375 0.43828125 0.1890625 0.078125
3 0.384375 0.21328125 0.1609375 0.1078125
3 0.44609375 0.28125 0.2359375 0.0890625
3 0.53125 0.3578125 0.1453125 0.0984375
3 0.91171875 0.54609375 0.1765625 0.0796875
3 0.92578125 0.59140625 0.1234375 0.05
3 0.72265625 0.27578125 0.23125 0.1359375
2 0.2921875 0.2953125 0.36875 0.128125
2 0.22578125 0.196875 0.2015625 0.15625
2 0.49140625 0.13984375 0.159375 0.128125
2 0.684375 0.509375 0.175 0.0984375
2 0.553125 0.421875 0.2015625 0.096875
0 0.65234375 0.88359375 0.4140625 0.2328125
1 0.72265625 0.740625 0.209375 0.178125
1 0.8421875 0.63671875 0.084375 0.1296875
1 0.79765625 0.62890625 0.096875 0.1578125
1 0.7421875 0.6390625 0.1203125 0.225
1 0.875 0.38515625 0.04375 0.0890625
1 0.4 0.3796875 0.321875 0.0953125
1 0.6609375 0.459375 0.28125 0.1109375