3 0.58515625 0.69765625 0.1609375 0.1296875
3 0.92734375 0.46796875 0.1453125 0.1453125
3 0.8203125 0.47265625 0.0671875 0.0890625
3 0.73671875 0.44140625 0.1203125 0.0640625
3 0.74140625 0.4703125 0.0734375 0.0671875
3 0.6296875 0.43046875 0.1078125 0.05625
3 0.6984375 0.35390625 0.128125 0.1046875
3 0.7609375 0.37265625 0.059375 0.0625
2 0.709375 0.37734375 0.065625 0.0765625
2 0.63828125 0.3953125 0.125 0.05625
2 0.54296875 0.33671875 0.0296875 0.0546875
2 0.528125 0.29140625 0.0421875 0.0453125
2 0.5125 0.26328125 0.04375 0.04375
2 0.94453125 0.21015625 0.1109375 0.1703125
2 0.46953125 0.39609375 0.0625 0.1171875
2 0.528125 0.4125 0.0875 0.0609375
2 0.53046875 0.45546875 0.0953125 0.05625
1 0.95859375 0.346875 0.0609375 0.1234375
1 0.58671875 0.18125 0.190625 0.1609375
1 0.85078125 0.3375 0.16875 0.0640625
1 0.62109375 0.31796875 0.14375 0.0578125
1 0.83671875 0.62734375 0.1125 0.2484375
1 0.60703125 0.48515625 0.1 0.109375
1 0.665625 0.56171875 0.1421875 0.115625
1 0.7578125 0.5703125 0.0671875 0.1578125
1 0.7078125 0.66171875 0.2078125 0.0765625
0 0.7609375 0.94140625 0.1625 0.1109375
1 0.809375 0.821875 0.0734375 0.1734375