0 0.7328125 0.78515625 0.20625 0.25
1 0.75625 0.53046875 0.1046875 0.29375
1 0.825 0.4515625 0.1296875 0.1078125
1 0.503125 0.25390625 0.1828125 0.1484375
1 0.7703125 0.234375 0.209375 0.05625
1 0.9265625 0.18359375 0.1 0.1625
3 0.94375 0.38984375 0.1125 0.1140625
3 0.83671875 0.31015625 0.178125 0.09375
3 0.64921875 0.29765625 0.0765625 0.1078125
3 0.64375 0.49453125 0.08125 0.115625
3 0.4453125 0.4734375 0.0703125 0.1109375
3 0.35078125 0.3640625 0.1421875 0.06875
3 0.265625 0.3125 0.0828125 0.0984375
3 0.28984375 0.425 0.0625 0.146875
3 0.59765625 0.190625 0.125 0.0953125
3 0.82109375 0.1515625 0.075 0.10625
3 0.41953125 0.60625 0.1125 0.0875