0 0.62734375 0.2 0.190625 0.159375
0 0.65859375 0.13125 0.2109375 0.084375
3 0.8578125 0.83203125 0.2078125 0.1875
3 0.60234375 0.85234375 0.221875 0.146875
3 0.3546875 0.79921875 0.3734375 0.1875
3 0.4078125 0.721875 0.265625 0.221875
3 0.5953125 0.67578125 0.3125 0.240625
3 0.790625 0.628125 0.1125 0.0796875
3 0.71875 0.5453125 0.1328125 0.0890625
1 0.7453125 0.28828125 0.075 0.265625
1 0.75859375 0.465625 0.065625 0.103125
1 0.815625 0.7109375 0.071875 0.115625
1 0.66640625 0.6203125 0.078125 0.0609375