0 0.70703125 0.6703125 0.0859375 0.0515625
1 0.6734375 0.54921875 0.0859375 0.1859375
1 0.70234375 0.42890625 0.071875 0.096875
1 0.63671875 0.4046875 0.1171875 0.0828125
2 0.8265625 0.225 0.1234375 0.109375
2 0.71015625 0.28515625 0.1625 0.090625
2 0.625 0.284375 0.05625 0.0734375
2 0.596875 0.33125 0.0484375 0.0421875
3 0.7734375 0.56796875 0.103125 0.1
3 0.52109375 0.41875 0.1140625 0.1203125
3 0.67421875 0.309375 0.0671875 0.04375
3 0.725 0.340625 0.046875 0.0546875
3 0.7484375 0.43828125 0.05 0.0625
3 0.89609375 0.31953125 0.128125 0.084375
3 0.93828125 0.37265625 0.0828125 0.0609375
1 0.7984375 0.35234375 0.0671875 0.0890625
1 0.76875 0.39609375 0.04375 0.0421875
3 0.9671875 0.2796875 0.065625 0.05625
3 0.68125 0.34765625 0.0765625 0.0640625
1 0.79609375 0.29921875 0.0671875 0.084375
1 0.74609375 0.36796875 0.05625 0.0875
1 0.64140625 0.353125 0.0296875 0.0578125
3 0.57265625 0.4640625 0.0828125 0.096875
3 0.853125 0.37265625 0.08125 0.06875