3 0.52734375 0.09921875 0.240625 0.1359375
2 0.20234375 0.1421875 0.1234375 0.0734375
0 0.09375 0.78984375 0.146875 0.1546875
0 0.14765625 0.4578125 0.121875 0.103125
3 0.671875 0.19453125 0.246875 0.1109375
3 0.753125 0.32421875 0.3140625 0.125
3 0.93203125 0.27421875 0.1359375 0.2296875
3 0.83984375 0.14296875 0.2234375 0.109375
3 0.3109375 0.3703125 0.16875 0.071875
3 0.41328125 0.46796875 0.2546875 0.1671875
3 0.85 0.421875 0.3 0.15
3 0.39765625 0.1734375 0.2171875 0.13125
3 0.51953125 0.38671875 0.309375 0.171875
1 0.21015625 0.5375 0.1015625 0.184375
1 0.09296875 0.2734375 0.115625 0.246875
1 0.1796875 0.3125 0.075 0.190625
1 0.25859375 0.28359375 0.16875 0.1296875
1 0.38046875 0.30234375 0.0859375 0.1296875
1 0.4734375 0.275 0.08125 0.0953125
1 0.55859375 0.2671875 0.1171875 0.103125
2 0.58828125 0.3015625 0.09375 0.04375
2 0.5609375 0.33515625 0.08125 0.034375
2 0.54453125 0.36015625 0.103125 0.04375
2 0.35234375 0.1984375 0.109375 0.0625
2 0.35859375 0.046875 0.0609375 0.0390625
2 0.36640625 0.07890625 0.0515625 0.028125
2 0.70390625 0.259375 0.06875 0.0359375
3 0.2859375 0.63984375 0.1328125 0.08125
3 0.23046875 0.18828125 0.1125 0.0640625
3 0.82265625 0.2 0.1 0.0578125