0 0.13828125 0.0921875 0.240625 0.0578125
0 0.2453125 0.1359375 0.0625 0.0640625
1 0.28515625 0.2484375 0.0953125 0.1515625
1 0.3515625 0.37734375 0.0828125 0.1234375
1 0.44140625 0.3890625 0.1359375 0.0625
3 0.47578125 0.45703125 0.1015625 0.0578125
3 0.578125 0.42578125 0.15 0.0765625
3 0.3375 0.7453125 0.1171875 0.053125
3 0.36640625 0.71171875 0.1765625 0.0546875
3 0.4234375 0.66796875 0.11875 0.0734375
1 0.340625 0.88203125 0.0921875 0.10625
1 0.38671875 0.8140625 0.2125 0.040625
1 0.48671875 0.7671875 0.0828125 0.096875
1 0.23359375 0.69921875 0.0875 0.1203125
1 0.31015625 0.61953125 0.1734375 0.05625
1 0.4609375 0.575 0.1953125 0.11875
1 0.55859375 0.50234375 0.2546875 0.0578125