0 0.5953125 0.81171875 0.2015625 0.175
0 0.61953125 0.88359375 0.2125 0.1046875
3 0.88984375 0.20625 0.2203125 0.203125
3 0.6390625 0.16015625 0.23125 0.165625
3 0.38671875 0.1875 0.38125 0.2203125
3 0.43203125 0.26953125 0.2796875 0.24375
3 0.6125 0.33515625 0.3265625 0.265625
3 0.80234375 0.403125 0.1171875 0.0890625
3 0.721875 0.478125 0.1375 0.1
1 0.721875 0.73671875 0.1015625 0.2640625
1 0.75390625 0.5609375 0.0734375 0.10625
1 0.8359375 0.32265625 0.08125 0.1203125
1 0.678125 0.39765625 0.08125 0.0671875