0 0.9265625 0.76484375 0.146875 0.2328125
0 0.809375 0.75546875 0.190625 0.28125
1 0.62109375 0.60390625 0.15 0.075
3 0.4671875 0.6359375 0.1609375 0.1515625
3 0.559375 0.57421875 0.084375 0.053125
3 0.5859375 0.509375 0.0609375 0.0734375
2 0.775 0.01328125 0.096875 0.0265625
2 0.446875 0.1953125 0.0765625 0.0609375
2 0.57578125 0.19453125 0.1703125 0.1171875
2 0.59375 0.02421875 0.10625 0.0484375
2 0.55859375 0.40625 0.178125 0.1
2 0.71953125 0.3859375 0.109375 0.0734375
2 0.446875 0.2296875 0.1640625 0.0828125
2 0.4171875 0.28515625 0.184375 0.1015625
2 0.3875 0.375 0.1390625 0.1375
2 0.46015625 0.375 0.1203125 0.121875
2 0.58984375 0.253125 0.1109375 0.103125
2 0.7328125 0.52421875 0.1140625 0.0609375
2 0.67734375 0.46484375 0.096875 0.1203125
1 0.678125 0.34375 0.0453125 0.0484375
1 0.58515625 0.32265625 0.15625 0.078125
1 0.528125 0.29609375 0.1140625 0.096875
1 0.45625 0.5078125 0.0921875 0.1234375
1 0.365625 0.5484375 0.1515625 0.109375
1 0.28515625 0.4203125 0.11875 0.246875
1 0.353125 0.1921875 0.134375 0.128125
1 0.3046875 0.28125 0.1 0.090625
1 0.55390625 0.06171875 0.3390625 0.1234375
1 0.5578125 0.115625 0.128125 0.1203125
1 0.84609375 0.05390625 0.1015625 0.1078125