0 0.215625 0.809375 0.16875 0.10234375
3 0.08515625 0.375 0.0859375 0.1171875
3 0.19296875 0.37265625 0.15625 0.15390625
3 0.653125 0.46328125 0.190625 0.08984375
3 0.59921875 0.33828125 0.225 0.17890625
3 0.34921875 0.33203125 0.18984375 0.1
3 0.1296875 0.215625 0.2015625 0.1234375
3 0.2 0.11796875 0.0875 0.11015625
3 0.44296875 0.3828125 0.11171875 0.13125
1 0.38125 0.60625 0.134375 0.2828125
1 0.37890625 0.2140625 0.26640625 0.09921875
1 0.3453125 0.43515625 0.1 0.103125
1 0.4859375 0.36015625 0.09296875 0.25234375