3 0.571875 0.2515625 0.1125 0.115625
3 0.578125 0.1171875 0.11875 0.078125
3 0.66796875 0.48515625 0.0875 0.084375
3 0.79375 0.54140625 0.0515625 0.0578125
3 0.68984375 0.5703125 0.1328125 0.0890625
3 0.725 0.62421875 0.0984375 0.1046875
3 0.546875 0.61484375 0.0921875 0.0828125
0 0.9640625 0.82265625 0.071875 0.0859375
1 0.74453125 0.73828125 0.1671875 0.0859375
1 0.65 0.66953125 0.065625 0.128125
1 0.50625 0.34921875 0.0765625 0.1703125
1 0.50078125 0.50078125 0.071875 0.175
1 0.60625 0.53515625 0.05625 0.1703125
1 0.65703125 0.03359375 0.2171875 0.0671875
1 0.79375 0.065625 0.090625 0.13125
1 0.775 0.17734375 0.0875 0.1171875
1 0.71640625 0.28046875 0.1125 0.13125
1 0.64453125 0.296875 0.059375 0.13125
1 0.803125 0.2796875 0.1125 0.0734375
1 0.62265625 0.3796875 0.0625 0.1640625
1 0.52578125 0.36953125 0.1078125 0.040625
1 0.6671875 0.37109375 0.0921875 0.0921875