3 0.5453125 0.7546875 0.121875 0.1234375
3 0.5375 0.88828125 0.1234375 0.0875
3 0.665625 0.5328125 0.09375 0.0921875
3 0.796875 0.4890625 0.05625 0.0625
3 0.69609375 0.45 0.1375 0.1
3 0.73671875 0.4 0.10625 0.1125
3 0.55859375 0.390625 0.0984375 0.090625
0 0.978125 0.22890625 0.04375 0.0953125
1 0.76796875 0.28828125 0.1703125 0.1015625
1 0.6671875 0.346875 0.078125 0.13125
1 0.490625 0.65078125 0.0921875 0.1734375
1 0.50078125 0.49921875 0.0875 0.1765625
1 0.60859375 0.4765625 0.0734375 0.171875
1 0.60546875 0.96875 0.2203125 0.0625
1 0.74609375 0.946875 0.1046875 0.10625
1 0.73984375 0.85 0.096875 0.1234375
1 0.6921875 0.74140625 0.1234375 0.1390625
1 0.621875 0.7171875 0.0703125 0.1328125
1 0.778125 0.75078125 0.1171875 0.0828125
1 0.609375 0.6328125 0.078125 0.1640625
1 0.51171875 0.6328125 0.1078125 0.05
1 0.653125 0.64609375 0.0984375 0.0984375