0 0.2875 0.19921875 0.221875 0.2625
1 0.24609375 0.4515625 0.125 0.2984375
1 0.17265625 0.52578125 0.1359375 0.115625
1 0.48046875 0.7453125 0.190625 0.159375
1 0.21171875 0.74609375 0.2125 0.0703125
1 0.053125 0.78515625 0.10625 0.1671875
3 0.05390625 0.578125 0.1078125 0.121875
3 0.15078125 0.665625 0.1828125 0.10625
3 0.3375 0.69140625 0.0828125 0.1125
3 0.35625 0.49609375 0.0890625 0.1203125
3 0.553125 0.53046875 0.0765625 0.1140625
3 0.63984375 0.64609375 0.146875 0.078125
3 0.7203125 0.703125 0.0890625 0.103125
3 0.7046875 0.58984375 0.071875 0.15
3 0.38125 0.8015625 0.1296875 0.103125
3 0.15546875 0.825 0.0828125 0.1109375
3 0.5875 0.4 0.1171875 0.09375