3 0.22890625 0.16640625 0.115625 0.16875
3 0.1015625 0.08359375 0.115625 0.04453125
3 0.33515625 0.240625 0.1109375 0.12109375
3 0.37890625 0.32890625 0.059375 0.04296875
3 0.371875 0.35546875 0.0671875 0.03671875
3 0.459375 0.2578125 0.1421875 0.04921875
3 0.53125 0.328125 0.0375 0.09609375
3 0.47265625 0.41484375 0.0375 0.04140625
3 0.42890625 0.37578125 0.040625 0.0375
3 0.6546875 0.35625 0.04375 0.0421875
3 0.53125 0.46171875 0.1109375 0.0546875
3 0.5921875 0.46171875 0.05 0.08359375
3 0.55390625 0.52265625 0.046875 0.0640625
3 0.56015625 0.56640625 0.03671875 0.02578125
3 0.29609375 0.6734375 0.06875 0.190625
3 0.2421875 0.7078125 0.06015625 0.13359375
3 0.446875 0.73515625 0.05078125 0.0453125
3 0.5328125 0.78359375 0.0625 0.08125
3 0.5203125 0.70546875 0.04765625 0.0609375
3 0.45625 0.796875 0.0921875 0.0625
3 0.203125 0.74609375 0.10859375 0.0453125
3 0.3609375 0.57421875 0.0703125 0.07109375
3 0.11484375 0.525 0.140625 0.0875
3 0.2078125 0.45859375 0.146875 0.121875
3 0.18671875 0.30078125 0.12578125 0.13203125
3 0.31875 0.35703125 0.065625 0.06796875
0 0.1140625 0.903125 0.08203125 0.14140625
0 0.28671875 0.8296875 0.046875 0.10390625
1 0.13984375 0.66171875 0.05234375 0.15234375
1 0.20859375 0.61796875 0.02578125 0.18515625
1 0.1171875 0.76796875 0.078125 0.11171875
1 0.43671875 0.46015625 0.05 0.13125
1 0.43984375 0.66328125 0.059375 0.115625
1 0.48125 0.55859375 0.0734375 0.115625
1 0.3953125 0.50390625 0.090625 0.11015625
3 0.5 0.3453125 0.0765625 0.07890625