3 0.12578125 0.87265625 0.1203125 0.121875
3 0.328125 0.77421875 0.13125 0.1375
3 0.2171875 0.81640625 0.1375 0.109375
3 0.20390625 0.7265625 0.140625 0.090625
3 0.415625 0.71953125 0.121875 0.096875
3 0.51015625 0.6984375 0.1515625 0.0640625
3 0.53125 0.6125 0.1140625 0.1328125
3 0.36875 0.5671875 0.115625 0.0828125
1 0.2921875 0.64609375 0.0671875 0.1171875
1 0.43125 0.628125 0.0515625 0.090625
1 0.35078125 0.4296875 0.071875 0.190625
0 0.07578125 0.146875 0.1515625 0.109375
1 0.265625 0.246875 0.159375 0.215625
1 0.31640625 0.55234375 0.065625 0.1140625