3 0.534375 0.34375 0.1 0.090625
3 0.596875 0.38984375 0.08125 0.0671875
3 0.79140625 0.2953125 0.09375 0.075
0 0.80234375 0.209375 0.1828125 0.0921875
0 0.74375 0.2546875 0.05625 0.0578125
1 0.65390625 0.37734375 0.0375 0.1359375
3 0.77578125 0.39375 0.1875 0.125
3 0.70859375 0.4703125 0.1375 0.078125
3 0.53359375 0.484375 0.1328125 0.05
3 0.72109375 0.54375 0.1859375 0.0609375
3 0.72578125 0.59921875 0.203125 0.0515625
3 0.69375 0.66171875 0.115625 0.1015625
3 0.91796875 0.659375 0.0765625 0.090625
3 0.83046875 0.465625 0.0703125 0.0375
3 0.871875 0.41953125 0.06875 0.0625
3 0.671875 0.78125 0.178125 0.0953125
3 0.66953125 0.85234375 0.15 0.0640625
3 0.6828125 0.89921875 0.09375 0.040625
3 0.8078125 0.91171875 0.1765625 0.040625
3 0.85546875 0.8453125 0.159375 0.1046875
3 0.83828125 0.746875 0.1234375 0.109375
2 0.83203125 0.5203125 0.090625 0.0453125
1 0.51640625 0.63828125 0.1125 0.2359375
1 0.4328125 0.8125 0.040625 0.1875
1 0.50234375 0.80078125 0.0609375 0.1390625
1 0.9625 0.534375 0.0515625 0.1984375