0 0.90859375 0.21328125 0.1734375 0.1234375
0 0.7828125 0.325 0.1 0.1125
1 0.7484375 0.46171875 0.0953125 0.19375
1 0.74375 0.640625 0.09375 0.1671875
1 0.64140625 0.45390625 0.071875 0.1703125
1 0.66484375 0.32265625 0.1015625 0.171875
3 0.64921875 0.928125 0.2828125 0.14375
3 0.73203125 0.8453125 0.1453125 0.109375
3 0.62734375 0.75625 0.1390625 0.128125
3 0.49375 0.74609375 0.1453125 0.1421875
3 0.8375 0.7421875 0.16875 0.1453125
3 0.63515625 0.6109375 0.121875 0.1640625
3 0.51953125 0.6390625 0.159375 0.1171875
3 0.31953125 0.578125 0.3046875 0.21875
3 0.471875 0.50859375 0.2578125 0.159375
3 0.22734375 0.4296875 0.16875 0.1796875
3 0.334375 0.38515625 0.1265625 0.1
3 0.4 0.3421875 0.1390625 0.1