0 0.61171875 0.19375 0.196875 0.1671875
0 0.6390625 0.1234375 0.2109375 0.09375
3 0.87421875 0.81328125 0.2140625 0.1953125
3 0.6203125 0.846875 0.2265625 0.15625
3 0.37109375 0.80625 0.378125 0.2046875
3 0.41953125 0.7265625 0.2734375 0.2328125
3 0.60390625 0.67109375 0.3203125 0.253125
3 0.796875 0.6125 0.1140625 0.084375
3 0.7203125 0.53359375 0.1359375 0.09375
1 0.734375 0.27578125 0.0890625 0.265625
1 0.75625 0.45234375 0.0703125 0.1046875
1 0.82578125 0.69453125 0.0765625 0.11875
1 0.67265625 0.6109375 0.0796875 0.0640625