0 0.2265625 0.18125 0.171875 0.1078125
3 0.08125 0.61015625 0.090625 0.1203125
3 0.1890625 0.61640625 0.1609375 0.159375
3 0.6515625 0.5421875 0.19375 0.096875
3 0.59375 0.66484375 0.23125 0.1859375
3 0.34375 0.6625 0.19375 0.10625
3 0.1203125 0.77109375 0.20625 0.1296875
3 0.18671875 0.87109375 0.090625 0.1125
3 0.4390625 0.61484375 0.115625 0.134375
1 0.38515625 0.38984375 0.14375 0.2875
1 0.36875 0.78125 0.2703125 0.1078125
1 0.34296875 0.559375 0.103125 0.10625
1 0.48125 0.6390625 0.1015625 0.2546875