3 0.56875 0.64453125 0.1109375 0.103125
3 0.61953125 0.5859375 0.090625 0.078125
3 0.8296875 0.634375 0.103125 0.0875
0 0.86015625 0.71484375 0.1921875 0.11875
0 0.79296875 0.684375 0.0640625 0.065625
1 0.67734375 0.58515625 0.0578125 0.1375
3 0.79296875 0.54140625 0.203125 0.1515625
3 0.71015625 0.48203125 0.1453125 0.0984375
3 0.53671875 0.50703125 0.1375 0.0703125
3 0.70546875 0.4078125 0.190625 0.0890625
3 0.69765625 0.35234375 0.20625 0.0828125
3 0.65234375 0.2984375 0.128125 0.1171875
3 0.871875 0.25 0.0890625 0.1
3 0.8296875 0.459375 0.075 0.0484375
3 0.88046875 0.49453125 0.078125 0.071875
3 0.60390625 0.1875 0.1890625 0.1203125
3 0.5859375 0.11875 0.15625 0.0859375
3 0.58828125 0.06953125 0.096875 0.0546875
3 0.70625 0.03125 0.178125 0.0625
3 0.76875 0.08359375 0.171875 0.1265625
3 0.77421875 0.18359375 0.1375 0.125
2 0.81875 0.40546875 0.0953125 0.059375
1 0.48515625 0.3609375 0.146875 0.2484375
1 0.3640625 0.21015625 0.06875 0.1890625
1 0.43515625 0.20625 0.08125 0.1453125
1 0.94296875 0.3625 0.08125 0.203125