3 0.5828125 0.10703125 0.25 0.165625
2 0.2546875 0.10390625 0.1296875 0.0875
0 0.06953125 0.73046875 0.1390625 0.1703125
0 0.15703125 0.40859375 0.1328125 0.1171875
3 0.7125 0.22109375 0.253125 0.1421875
3 0.77578125 0.3609375 0.31875 0.165625
3 0.9390625 0.33828125 0.121875 0.2453125
3 0.8859375 0.19375 0.228125 0.1375
3 0.33125 0.3453125 0.171875 0.0921875
3 0.41796875 0.45625 0.26875 0.196875
3 0.8515625 0.47265625 0.296875 0.1890625
3 0.44375 0.1625 0.2265625 0.1578125
3 0.53515625 0.390625 0.321875 0.209375
1 0.2078125 0.496875 0.125 0.190625
1 0.12890625 0.21875 0.1453125 0.253125
1 0.20859375 0.26953125 0.0984375 0.19375
1 0.29140625 0.25234375 0.18125 0.1484375
1 0.40859375 0.2875 0.1015625 0.1375
1 0.5046875 0.2734375 0.0921875 0.103125
1 0.58984375 0.27734375 0.128125 0.1171875
2 0.61484375 0.31640625 0.096875 0.0546875
2 0.58359375 0.3453125 0.0828125 0.0453125
2 0.56328125 0.36796875 0.1046875 0.05625
2 0.39609375 0.18125 0.1140625 0.075
2 0.42265625 0.03125 0.0640625 0.046875
2 0.4265625 0.06484375 0.0546875 0.034375
2 0.73515625 0.28984375 0.0703125 0.04375
3 0.26796875 0.60859375 0.1390625 0.096875
3 0.2765625 0.15390625 0.1171875 0.0765625
3 0.86171875 0.24765625 0.1046875 0.0703125