3 0.48515625 0.0984375 0.2296875 0.1125
2 0.16640625 0.175 0.11875 0.0609375
0 0.1265625 0.83046875 0.1328125 0.1421875
0 0.1453125 0.49453125 0.1125 0.0921875
3 0.6390625 0.178125 0.2390625 0.0875
3 0.73359375 0.2984375 0.30625 0.09375
3 0.925 0.228125 0.15 0.215625
3 0.80078125 0.109375 0.215625 0.0875
3 0.2984375 0.390625 0.1640625 0.0546875
3 0.41015625 0.47734375 0.240625 0.1421875
3 0.84765625 0.38515625 0.303125 0.11875
3 0.3640625 0.1859375 0.20625 0.1109375
3 0.5078125 0.38515625 0.296875 0.140625
1 0.215625 0.56796875 0.084375 0.175
1 0.071875 0.3171875 0.090625 0.2375
1 0.16171875 0.346875 0.05625 0.184375
1 0.2375 0.31015625 0.1578125 0.1125
1 0.36015625 0.315625 0.0734375 0.1234375
1 0.45 0.27890625 0.071875 0.0875
1 0.53359375 0.2625 0.109375 0.09375
2 0.5671875 0.29375 0.090625 0.034375
2 0.54375 0.3296875 0.078125 0.0265625
2 0.5296875 0.35625 0.1 0.0328125
2 0.321875 0.215625 0.103125 0.0515625
2 0.31171875 0.0640625 0.0578125 0.034375
2 0.3234375 0.0953125 0.05 0.021875
2 0.67734375 0.2390625 0.065625 0.028125
3 0.3015625 0.66171875 0.1265625 0.06875
3 0.19921875 0.21796875 0.1078125 0.053125
3 0.78984375 0.16796875 0.0953125 0.0484375