3 0.84375 0.7578125 0.153125 0.1921875
3 0.9625 0.8078125 0.075 0.071875
3 0.72265625 0.71171875 0.1375 0.14375
3 0.65859375 0.63671875 0.06875 0.05625
3 0.659375 0.609375 0.0734375 0.0515625
3 0.59765625 0.725 0.15 0.0828125
3 0.5109375 0.67421875 0.059375 0.1015625
3 0.546875 0.57578125 0.046875 0.05
3 0.59921875 0.603125 0.0484375 0.046875
3 0.384375 0.6765625 0.053125 0.0515625
3 0.47890625 0.54453125 0.1203125 0.0796875
3 0.41953125 0.559375 0.06875 0.09375
3 0.4421875 0.49140625 0.0609375 0.0734375
3 0.42578125 0.45 0.0421875 0.034375
3 0.65625 0.28203125 0.1125 0.2015625
3 0.7 0.2359375 0.090625 0.14375
3 0.49453125 0.25859375 0.0609375 0.05625
3 0.39921875 0.2328125 0.0796875 0.09375
3 0.43046875 0.30546875 0.0609375 0.0703125
3 0.4703125 0.2015625 0.1046875 0.0828125
3 0.72890625 0.1890625 0.115625 0.0703125
3 0.6171875 0.39453125 0.0859375 0.0859375
3 0.86796875 0.3828125 0.1578125 0.11875
3 0.79375 0.46953125 0.171875 0.153125
3 0.85234375 0.6171875 0.1546875 0.1578125
3 0.71015625 0.59453125 0.0796875 0.08125
0 0.77578125 0.046875 0.1140625 0.09375
0 0.62734375 0.128125 0.0703125 0.1125
1 0.81015625 0.25625 0.0875 0.1609375
1 0.75390625 0.31484375 0.0703125 0.1859375
1 0.80625 0.14765625 0.103125 0.1265625
1 0.57109375 0.5234375 0.0796875 0.1390625
1 0.51875 0.32734375 0.0859375 0.1265625
1 0.50390625 0.43828125 0.1 0.1296875
1 0.60078125 0.47109375 0.1140625 0.128125
3 0.5375 0.65 0.09375 0.0953125