0 0.3140625 0.81796875 0.2390625 0.275
1 0.2515625 0.5703125 0.1484375 0.3015625
1 0.171875 0.50234375 0.1421875 0.125
1 0.45859375 0.25703125 0.2 0.171875
1 0.19140625 0.2796875 0.2125 0.0875
1 0.04453125 0.25390625 0.0890625 0.1734375
3 0.05390625 0.46015625 0.1078125 0.1296875
3 0.1375 0.365625 0.1875 0.11875
3 0.32109375 0.3234375 0.090625 0.1171875
3 0.35703125 0.51640625 0.096875 0.125
3 0.55 0.465625 0.084375 0.11875
3 0.6265625 0.3421875 0.15 0.0890625
3 0.70234375 0.278125 0.0953125 0.1078125
3 0.69609375 0.39296875 0.0828125 0.1515625
3 0.35546875 0.209375 0.1359375 0.1125
3 0.128125 0.20625 0.090625 0.115625
3 0.59609375 0.5921875 0.121875 0.1015625