3 0.5640625 0.809375 0.1453125 0.084375
3 0.4609375 0.825 0.1171875 0.075
3 0.5203125 0.75703125 0.1078125 0.0515625
3 0.54375 0.69375 0.140625 0.0703125
3 0.4125 0.70625 0.159375 0.0921875
3 0.08203125 0.6390625 0.1109375 0.078125
3 0.190625 0.61953125 0.0828125 0.05625
3 0.6 0.59375 0.128125 0.1359375
3 0.490625 0.58046875 0.04375 0.034375
3 0.434375 0.5765625 0.0484375 0.0375
3 0.32109375 0.6140625 0.0640625 0.0484375
3 0.3421875 0.57734375 0.0875 0.0421875
2 0.60859375 0.88046875 0.11875 0.0921875
2 0.5078125 0.86484375 0.1390625 0.0828125
2 0.6953125 0.88671875 0.0625 0.059375
2 0.67578125 0.8578125 0.1 0.040625
2 0.775 0.85546875 0.0984375 0.090625
2 0.79921875 0.78359375 0.0859375 0.0734375
2 0.65078125 0.76328125 0.0671875 0.046875
2 0.58359375 0.784375 0.0828125 0.0515625
2 0.72890625 0.73515625 0.1234375 0.059375
2 0.7359375 0.690625 0.090625 0.059375
2 0.90546875 0.6265625 0.1046875 0.0640625
1 0.8515625 0.8125 0.09375 0.0328125
1 0.88984375 0.7515625 0.046875 0.09375
1 0.85703125 0.675 0.0875 0.1015625
1 0.7265625 0.69921875 0.228125 0.065625
1 0.8125 0.60390625 0.090625 0.0921875
1 0.8609375 0.61484375 0.1765625 0.184375
1 0.7609375 0.4828125 0.1671875 0.1578125
0 0.7234375 0.36328125 0.14375 0.140625
0 0.7875 0.18125 0.2984375 0.16875
1 0.55625 0.34765625 0.165625 0.0703125
1 0.49296875 0.4140625 0.190625 0.084375
1 0.4578125 0.49921875 0.071875 0.1140625
1 0.49609375 0.46171875 0.0578125 0.071875
1 0.36875 0.51796875 0.0765625 0.084375