3 0.4734375 0.3421875 0.1046875 0.0953125
3 0.40859375 0.384375 0.084375 0.071875
3 0.21953125 0.28046875 0.096875 0.0796875
0 0.21328125 0.19453125 0.1859375 0.1015625
0 0.26953125 0.2421875 0.059375 0.059375
1 0.353125 0.36953125 0.04375 0.1375
3 0.2296875 0.37890625 0.19375 0.1328125
3 0.29375 0.459375 0.140625 0.0859375
3 0.4671875 0.4828125 0.134375 0.0578125
3 0.2765625 0.53203125 0.1875 0.0703125
3 0.26953125 0.5875 0.2046875 0.0625
3 0.29765625 0.6515625 0.1203125 0.10625
3 0.07421875 0.6375 0.08125 0.09375
3 0.171875 0.4484375 0.071875 0.040625
3 0.1328125 0.40078125 0.071875 0.0671875
3 0.3140625 0.771875 0.1828125 0.1046875
3 0.3125 0.84296875 0.1515625 0.071875
3 0.296875 0.8890625 0.0953125 0.0453125
3 0.17109375 0.89453125 0.178125 0.05
3 0.12734375 0.8265625 0.1640625 0.1125
3 0.14921875 0.72890625 0.128125 0.1140625
2 0.1671875 0.503125 0.0921875 0.05
1 0.4765625 0.6375 0.125 0.240625
1 0.55078125 0.815625 0.05 0.1875
1 0.48125 0.8 0.0671875 0.140625
1 0.03671875 0.51015625 0.0609375 0.2015625