3 0.4796875 0.184375 0.1375 0.06640625
3 0.58359375 0.18359375 0.11015625 0.06015625
3 0.515625 0.24296875 0.103125 0.03828125
3 0.48359375 0.30234375 0.13515625 0.0515625
3 0.615625 0.3078125 0.1515625 0.07109375
3 0.93359375 0.4203125 0.10234375 0.06484375
3 0.82265625 0.425 0.07734375 0.0453125
3 0.4140625 0.39296875 0.1125 0.121875
3 0.5203125 0.421875 0.03984375 0.0296875
3 0.57578125 0.43359375 0.04375 0.03125
3 0.69296875 0.41171875 0.059375 0.040625
3 0.6671875 0.4453125 0.084375 0.03125
2 0.4453125 0.1078125 0.109375 0.078125
2 0.54296875 0.1375 0.13125 0.065625
2 0.36015625 0.08984375 0.05546875 0.05234375
2 0.37578125 0.12109375 0.09765625 0.02734375
2 0.27734375 0.109375 0.0890625 0.07890625
2 0.24296875 0.17734375 0.07734375 0.0640625
2 0.3875 0.21796875 0.06171875 0.0390625
2 0.45703125 0.20703125 0.078125 0.040625
2 0.30625 0.23515625 0.11796875 0.04296875
2 0.29296875 0.278125 0.08515625 0.04765625
2 0.11640625 0.31796875 0.09921875 0.05
1 0.1953125 0.14140625 0.0921875 0.0203125
1 0.14921875 0.196875 0.034375 0.090625
1 0.17109375 0.27734375 0.07578125 0.0921875
1 0.303125 0.27109375 0.22578125 0.034375
1 0.2046875 0.35390625 0.0796875 0.08203125
1 0.15859375 0.3359375 0.15546875 0.1640625
1 0.2390625 0.48046875 0.14921875 0.13828125
0 0.259375 0.60390625 0.12734375 0.12421875
0 0.17109375 0.77578125 0.2828125 0.13125
1 0.4234375 0.64296875 0.16015625 0.0484375
1 0.4953125 0.5859375 0.184375 0.05859375
1 0.54140625 0.50625 0.05703125 0.10703125
1 0.4984375 0.53828125 0.0484375 0.06640625
1 0.6328125 0.50078125 0.06640625 0.0765625