3 0.37890625 0.678125 0.14296875 0.1046875
3 0.0828125 0.38671875 0.13125 0.12265625
3 0.190625 0.41171875 0.05234375 0.08046875
3 0.27890625 0.39765625 0.11484375 0.04296875
3 0.26875 0.425 0.06328125 0.05625
3 0.3859375 0.40703125 0.10234375 0.0375
3 0.3328125 0.31875 0.11328125 0.08515625
3 0.26796875 0.325 0.05 0.0546875
2 0.31796875 0.33984375 0.053125 0.0671875
2 0.384375 0.37109375 0.1203125 0.03359375
2 0.4890625 0.33125 0.01953125 0.05234375
2 0.5125 0.28984375 0.03515625 0.03984375
2 0.5328125 0.26484375 0.0375 0.0375
2 0.096875 0.12734375 0.1296875 0.1484375
2 0.55 0.40390625 0.04140625 0.1109375
2 0.4890625 0.40859375 0.08046875 0.046875
2 0.47890625 0.45078125 0.0890625 0.040625
1 0.07890625 0.2625 0.03828125 0.11875
1 0.47578125 0.1703125 0.16953125 0.13046875
1 0.18671875 0.2734375 0.165625 0.03359375
1 0.415625 0.2984375 0.140625 0.03125
1 0.1453125 0.5609375 0.0671875 0.240625
1 0.39765625 0.46484375 0.0828125 0.09609375
1 0.32578125 0.52890625 0.1265625 0.09375
1 0.23359375 0.51953125 0.0390625 0.15390625
1 0.26484375 0.61875 0.20390625 0.03828125
0 0.159375 0.88359375 0.14921875 0.08359375
1 0.13515625 0.75703125 0.0421875 0.16796875