0 0.12421875 0.15703125 0.125 0.2171875
0 0.2453125 0.190625 0.1453125 0.2640625
1 0.40078125 0.375 0.1453125 0.05
3 0.55859375 0.37265625 0.140625 0.1296875
3 0.45546875 0.415625 0.08125 0.0390625
3 0.4171875 0.47421875 0.0515625 0.065625
2 0.1328125 0.9421875 0.090625 0.0484375
2 0.49453125 0.809375 0.06875 0.05
2 0.3671875 0.78515625 0.159375 0.090625
2 0.3140625 0.9578125 0.1 0.05
2 0.42421875 0.58046875 0.1703125 0.0703125
2 0.2625 0.5703125 0.103125 0.05625
2 0.5 0.775 0.159375 0.0546875
2 0.53984375 0.7265625 0.178125 0.0703125
2 0.58671875 0.64375 0.1203125 0.11875
2 0.515625 0.63046875 0.103125 0.10625
2 0.36484375 0.725 0.0984375 0.0875
2 0.27578125 0.43203125 0.109375 0.0421875
2 0.31953125 0.50078125 0.0796875 0.1078125
1 0.2953125 0.61953125 0.0390625 0.04375
1 0.38203125 0.6578125 0.1515625 0.05
1 0.43359375 0.6953125 0.1015625 0.08125
1 0.54453125 0.50078125 0.0734375 0.1140625
1 0.64140625 0.478125 0.140625 0.0859375
1 0.6953125 0.61875 0.075 0.2421875
1 0.58515625 0.83046875 0.1171875 0.1109375
1 0.65 0.7515625 0.0890625 0.0765625
1 0.3609375 0.92734375 0.3359375 0.0796875
1 0.36953125 0.865625 0.1140625 0.103125
1 0.06953125 0.89765625 0.075 0.153125