3 0.40234375 0.88984375 0.2484375 0.1578125
2 0.10625 0.7484375 0.128125 0.084375
0 0.203125 0.09921875 0.159375 0.1671875
0 0.1515625 0.43125 0.1296875 0.1140625
3 0.56875 0.84375 0.2515625 0.134375
3 0.68671875 0.74609375 0.31875 0.1546875
3 0.859375 0.85390625 0.1921875 0.2421875
3 0.71328125 0.93984375 0.2296875 0.1203125
3 0.28046875 0.56484375 0.171875 0.0875
3 0.40703125 0.503125 0.265625 0.1890625
3 0.81640625 0.684375 0.321875 0.1796875
3 0.3015625 0.77890625 0.225 0.1515625
3 0.48359375 0.6140625 0.3203125 0.2
1 0.2359375 0.37421875 0.11875 0.1890625
1 0.05546875 0.58984375 0.1109375 0.2515625
1 0.1375 0.5796875 0.0921875 0.1921875
1 0.20390625 0.63125 0.178125 0.14375
1 0.325 0.6515625 0.096875 0.1359375
1 0.40546875 0.70625 0.0890625 0.1
1 0.48359375 0.7390625 0.125 0.1140625
2 0.52265625 0.715625 0.0953125 0.053125
2 0.50703125 0.67578125 0.0828125 0.0421875
2 0.49921875 0.646875 0.1046875 0.053125
2 0.26640625 0.74140625 0.1125 0.071875
2 0.225 0.8875 0.0640625 0.0453125
2 0.24296875 0.859375 0.053125 0.0328125
2 0.61953125 0.7921875 0.0703125 0.0421875
3 0.33984375 0.30078125 0.1375 0.09375
3 0.146875 0.71328125 0.115625 0.0734375
3 0.71484375 0.88515625 0.103125 0.0671875