0 0.71796875 0.7421875 0.196875 0.1671875
0 0.7703125 0.796875 0.2109375 0.09375
3 0.72890625 0.08359375 0.2140625 0.1671875
3 0.48203125 0.13359375 0.2265625 0.15625
3 0.265625 0.26484375 0.378125 0.2046875
3 0.340625 0.3203125 0.2734375 0.2328125
3 0.5328125 0.30234375 0.3203125 0.253125
3 0.73359375 0.284375 0.1140625 0.084375
3 0.6921875 0.3859375 0.1359375 0.09375
1 0.8015625 0.6203125 0.0890625 0.265625
1 0.75546875 0.44765625 0.0703125 0.1046875
1 0.7296875 0.19765625 0.0765625 0.11875
1 0.61875 0.33203125 0.0796875 0.0640625