0 0.75625 0.1671875 0.1765625 0.1171875
3 0.92421875 0.58828125 0.0953125 0.125
3 0.8171875 0.6 0.16875 0.1671875
3 0.35078125 0.55 0.1984375 0.10625
3 0.415625 0.66953125 0.2390625 0.1984375
3 0.66484375 0.65390625 0.1984375 0.115625
3 0.89375 0.75078125 0.2109375 0.140625
3 0.83203125 0.8546875 0.096875 0.1171875
3 0.5671875 0.61171875 0.1234375 0.140625
1 0.609375 0.38359375 0.1578125 0.29375
1 0.6453125 0.77421875 0.2734375 0.121875
1 0.659375 0.55078125 0.109375 0.1109375
1 0.5265625 0.63828125 0.1140625 0.259375