0 0.80234375 0.28984375 0.2421875 0.278125
1 0.7546875 0.54140625 0.153125 0.3015625
1 0.79921875 0.63671875 0.14375 0.1265625
1 0.434375 0.7375 0.2015625 0.175
1 0.68671875 0.83046875 0.2125 0.090625
1 0.821875 0.9171875 0.125 0.165625
3 0.90078125 0.7296875 0.1375 0.13125
3 0.771875 0.775 0.1890625 0.121875
3 0.5875 0.7359375 0.0921875 0.11875
3 0.6359375 0.5453125 0.0984375 0.1265625
3 0.43984375 0.51015625 0.0859375 0.11875
3 0.31875 0.58984375 0.15 0.090625
3 0.2234375 0.615625 0.096875 0.109375
3 0.27734375 0.5140625 0.0859375 0.153125
3 0.50859375 0.82421875 0.1375 0.1140625
3 0.7125 0.9234375 0.0921875 0.115625
3 0.4515625 0.37578125 0.1234375 0.103125