3 0.64453125 0.196875 0.1984375 0.16875
3 0.85078125 0.484375 0.1234375 0.125
3 0.80625 0.4203125 0.1265625 0.121875
3 0.73828125 0.446875 0.1890625 0.0828125
3 0.39453125 0.209375 0.1625 0.1125
3 0.453125 0.2796875 0.2359375 0.096875
3 0.5359375 0.359375 0.146875 0.1015625
3 0.9109375 0.56171875 0.178125 0.0859375
3 0.921875 0.60625 0.1234375 0.0546875
3 0.73046875 0.28359375 0.2328125 0.1421875
2 0.29921875 0.28828125 0.3671875 0.140625
2 0.23671875 0.1875 0.203125 0.1625
2 0.50390625 0.1390625 0.1625 0.1328125
2 0.68359375 0.515625 0.175 0.103125
2 0.55625 0.4234375 0.2015625 0.103125
0 0.6375 0.88359375 0.41875 0.2328125
1 0.7140625 0.7484375 0.2140625 0.1828125
1 0.8375 0.6484375 0.0875 0.13125
1 0.79296875 0.6390625 0.1015625 0.1578125
1 0.73671875 0.64765625 0.1265625 0.2265625
1 0.87890625 0.39765625 0.046875 0.0890625
1 0.4046875 0.3765625 0.3203125 0.1046875
1 0.6625 0.46484375 0.2796875 0.1203125