0 0.1125 0.8296875 0.1328125 0.2203125
0 0.234375 0.80078125 0.1546875 0.2671875
1 0.396875 0.62109375 0.146875 0.0546875
3 0.55390625 0.6296875 0.1453125 0.134375
3 0.453125 0.5828125 0.08125 0.0421875
3 0.41640625 0.52265625 0.053125 0.0671875
2 0.1484375 0.0453125 0.0921875 0.0515625
2 0.50546875 0.190625 0.0703125 0.0515625
2 0.37734375 0.21015625 0.1625 0.0953125
2 0.33046875 0.0359375 0.1015625 0.053125
2 0.42734375 0.41640625 0.171875 0.075
2 0.265625 0.42109375 0.1046875 0.059375
2 0.51015625 0.225 0.1609375 0.059375
2 0.54765625 0.275 0.1796875 0.0765625
2 0.59140625 0.359375 0.1234375 0.121875
2 0.5203125 0.3703125 0.10625 0.109375
2 0.37265625 0.2703125 0.1 0.090625
2 0.2734375 0.56015625 0.1109375 0.0453125
2 0.31953125 0.49296875 0.0828125 0.1109375
1 0.29921875 0.3734375 0.040625 0.04375
1 0.38828125 0.33828125 0.153125 0.05625
1 0.440625 0.30234375 0.1046875 0.084375
1 0.54453125 0.50078125 0.078125 0.1171875
1 0.640625 0.52734375 0.14375 0.0890625
1 0.69921875 0.38828125 0.084375 0.24375
1 0.596875 0.17265625 0.121875 0.1140625
1 0.65859375 0.25390625 0.090625 0.0796875
1 0.3765625 0.06796875 0.3375 0.090625
1 0.3828125 0.1296875 0.1171875 0.10625
1 0.08359375 0.08828125 0.08125 0.1546875