3 0.55390625 0.75234375 0.11875 0.1203125
3 0.55078125 0.88671875 0.121875 0.084375
3 0.6671875 0.5265625 0.090625 0.0890625
3 0.79609375 0.47890625 0.0546875 0.0609375
3 0.69453125 0.44296875 0.1359375 0.096875
3 0.7328125 0.39140625 0.1046875 0.109375
3 0.5546875 0.38828125 0.096875 0.0890625
0 0.9734375 0.21171875 0.053125 0.0921875
1 0.76015625 0.27890625 0.16875 0.096875
1 0.66171875 0.34140625 0.0734375 0.1296875
1 0.49609375 0.65078125 0.0875 0.171875
1 0.50078125 0.49921875 0.0828125 0.1765625
1 0.6078125 0.47265625 0.0671875 0.171875
1 0.6234375 0.96796875 0.21875 0.0640625
1 0.7625 0.94296875 0.1 0.1140625
1 0.7515625 0.84140625 0.09375 0.121875
1 0.7 0.734375 0.1203125 0.1359375
1 0.6296875 0.7125 0.0671875 0.1328125
1 0.78671875 0.740625 0.115625 0.0796875
1 0.6140625 0.62890625 0.0734375 0.1640625
1 0.51640625 0.63203125 0.1078125 0.046875
1 0.6578125 0.640625 0.096875 0.096875