0 0.7875 0.90234375 0.15 0.1953125
0 0.67890625 0.859375 0.175 0.2765625
1 0.56796875 0.64375 0.1484375 0.0671875
3 0.41484375 0.6109375 0.1546875 0.14375
3 0.52421875 0.5921875 0.084375 0.0484375
3 0.575 0.54296875 0.0578125 0.0703125
2 0.9546875 0.1515625 0.090625 0.059375
2 0.575 0.2 0.0734375 0.0578125
2 0.69375 0.2515625 0.1671875 0.1078125
2 0.78359375 0.0953125 0.103125 0.0609375
2 0.59140625 0.43828125 0.1765625 0.0890625
2 0.746875 0.48515625 0.1078125 0.0671875
2 0.56171875 0.23125 0.1625 0.0734375
2 0.51171875 0.2703125 0.1828125 0.090625
2 0.4484375 0.33984375 0.1328125 0.13125
2 0.5140625 0.36953125 0.1140625 0.115625
2 0.6828125 0.3109375 0.10625 0.0984375
2 0.703125 0.61640625 0.1125 0.0546875
2 0.6765625 0.53984375 0.090625 0.115625
1 0.7265625 0.4296875 0.04375 0.046875
1 0.65 0.37265625 0.1546875 0.06875
1 0.60859375 0.325 0.109375 0.0921875
1 0.45703125 0.4890625 0.0859375 0.1203125
1 0.35703125 0.48984375 0.1484375 0.1
1 0.3359375 0.33984375 0.103125 0.246875
1 0.49140625 0.15859375 0.1296875 0.121875
1 0.41015625 0.22109375 0.096875 0.0859375
1 0.73125 0.11484375 0.3390625 0.11875
1 0.709375 0.17265625 0.1234375 0.1140625
1 0.98125 0.209375 0.0375 0.159375