0 0.77734375 0.9609375 0.2453125 0.078125
0 0.68046875 0.90625 0.071875 0.071875
1 0.6625 0.78828125 0.1171875 0.1625
1 0.621875 0.6484375 0.1 0.134375
1 0.53671875 0.6203125 0.1421875 0.0828125
3 0.515625 0.546875 0.109375 0.071875
3 0.40859375 0.5578125 0.159375 0.0984375
3 0.70625 0.290625 0.1234375 0.0703125
3 0.671875 0.31796875 0.1828125 0.08125
3 0.60703125 0.35 0.128125 0.090625
1 0.72890625 0.15546875 0.10625 0.11875
1 0.67109375 0.21328125 0.215625 0.0734375
1 0.5640625 0.23984375 0.0953125 0.1078125
1 0.79921875 0.35546875 0.1046875 0.13125
1 0.709375 0.41875 0.178125 0.0828125
1 0.553125 0.43359375 0.209375 0.146875
1 0.44296875 0.48671875 0.259375 0.096875