0 0.73515625 0.62734375 0.08125 0.0375
1 0.6796875 0.515625 0.053125 0.18125
1 0.684375 0.39140625 0.05625 0.0890625
1 0.61640625 0.38046875 0.1078125 0.0640625
2 0.76796875 0.16796875 0.109375 0.090625
2 0.665625 0.24921875 0.1546875 0.0625
2 0.58125 0.26484375 0.0453125 0.0671875
2 0.5625 0.315625 0.0421875 0.034375
3 0.78125 0.5140625 0.0890625 0.0859375
3 0.50546875 0.41640625 0.096875 0.1046875
3 0.634375 0.2796875 0.0625 0.0328125
3 0.68984375 0.30078125 0.0390625 0.0484375
3 0.73203125 0.3921875 0.040625 0.05625
3 0.8546875 0.24765625 0.11875 0.0640625
3 0.90625 0.29140625 0.0765625 0.0484375
1 0.76484375 0.2984375 0.053125 0.08125
1 0.74375 0.34609375 0.0375 0.0359375
3 0.92109375 0.19375 0.06875 0.0453125
3 0.6484375 0.315625 0.06875 0.053125
1 0.75234375 0.246875 0.053125 0.0765625
1 0.71640625 0.3234375 0.040625 0.08125
1 0.6109375 0.328125 0.01875 0.0546875
3 0.5640625 0.45078125 0.06875 0.0859375
3 0.821875 0.3078125 0.071875 0.05625