3 0.60546875 0.31171875 0.1515625 0.1171875
3 0.92578125 0.5765625 0.1421875 0.134375
3 0.815625 0.5609375 0.059375 0.084375
3 0.72890625 0.5828125 0.11875 0.053125
3 0.73671875 0.5546875 0.0671875 0.0609375
3 0.621875 0.5828125 0.1046875 0.046875
3 0.68203125 0.665625 0.1203125 0.0953125
3 0.74609375 0.65390625 0.0546875 0.059375
2 0.6953125 0.64375 0.059375 0.071875
2 0.6265625 0.61796875 0.1234375 0.04375
2 0.52578125 0.6671875 0.0234375 0.053125
2 0.50625 0.71015625 0.0390625 0.0421875
2 0.4875 0.7375 0.040625 0.040625
2 0.93125 0.8359375 0.1375 0.159375
2 0.45859375 0.6 0.0515625 0.1140625
2 0.51875 0.58984375 0.084375 0.053125
2 0.525 0.546875 0.0921875 0.0484375
1 0.93984375 0.7 0.0484375 0.121875
1 0.553125 0.8265625 0.1796875 0.1453125
1 0.83203125 0.6984375 0.1671875 0.0484375
1 0.6015625 0.69375 0.1421875 0.04375
1 0.84765625 0.40859375 0.0875 0.2453125
1 0.6046875 0.52578125 0.090625 0.103125
1 0.67109375 0.45625 0.134375 0.1046875
1 0.7640625 0.45703125 0.0515625 0.15625
1 0.72421875 0.3609375 0.20625 0.05625
0 0.80625 0.08828125 0.15625 0.096875
1 0.84140625 0.2125 0.05625 0.1703125