0 0.79296875 0.0421875 0.2453125 0.084375
0 0.69453125 0.1 0.0703125 0.0703125
1 0.67265625 0.21796875 0.1125 0.1609375
1 0.62734375 0.35625 0.096875 0.1328125
1 0.540625 0.38125 0.1421875 0.078125
3 0.5171875 0.453125 0.1078125 0.06875
3 0.4109375 0.4390625 0.1578125 0.09375
3 0.6984375 0.71640625 0.121875 0.0671875
3 0.665625 0.68828125 0.18125 0.075
3 0.60234375 0.65390625 0.1265625 0.0875
1 0.71640625 0.85234375 0.103125 0.115625
1 0.6609375 0.7921875 0.215625 0.0671875
1 0.5546875 0.76171875 0.0921875 0.10625
1 0.79375 0.65546875 0.1015625 0.1296875
1 0.70625 0.58828125 0.178125 0.0765625
1 0.55078125 0.56796875 0.2078125 0.140625
1 0.4421875 0.5109375 0.259375 0.0875