3 0.465625 0.9 0.2421875 0.140625
2 0.79140625 0.86328125 0.125 0.075
0 0.9109375 0.2171875 0.1484375 0.1578125
0 0.8515625 0.5484375 0.1234375 0.1046875
3 0.32265625 0.80234375 0.2484375 0.115625
3 0.24375 0.671875 0.3140625 0.1296875
3 0.06640625 0.71796875 0.1328125 0.2328125
3 0.15390625 0.85078125 0.225 0.1125
3 0.68671875 0.6328125 0.16875 0.075
3 0.58671875 0.53359375 0.25625 0.1703125
3 0.14921875 0.571875 0.2984375 0.15625
3 0.596875 0.828125 0.21875 0.1359375
3 0.478125 0.61328125 0.3125 0.1765625
1 0.790625 0.4671875 0.1046875 0.184375
1 0.90234375 0.73359375 0.11875 0.246875
1 0.8171875 0.69296875 0.078125 0.190625
1 0.7375 0.7203125 0.1703125 0.13125
1 0.61640625 0.7 0.0875 0.13125
1 0.52265625 0.72578125 0.0828125 0.0953125
1 0.4375 0.73125 0.11875 0.10625
2 0.4078125 0.696875 0.09375 0.0453125
2 0.4359375 0.6640625 0.08125 0.0359375
2 0.453125 0.6390625 0.103125 0.0453125
2 0.6421875 0.80390625 0.109375 0.0640625
2 0.63359375 0.95546875 0.0609375 0.040625
2 0.62578125 0.9234375 0.053125 0.028125
2 0.2921875 0.7375 0.06875 0.0359375
3 0.71640625 0.36328125 0.134375 0.084375
3 0.7640625 0.81640625 0.1140625 0.065625
3 0.171875 0.79453125 0.1 0.059375