0 0.70078125 0.86875 0.1890625 0.140625
3 0.9328125 0.47890625 0.1125 0.134375
3 0.82890625 0.45078125 0.1890625 0.1875
3 0.36015625 0.42734375 0.20625 0.1328125
3 0.44296875 0.31875 0.2609375 0.228125
3 0.68671875 0.3734375 0.2078125 0.1421875
3 0.9078125 0.3125 0.184375 0.16875
3 0.88359375 0.2015625 0.1109375 0.128125
3 0.58359375 0.4 0.140625 0.1546875
1 0.58984375 0.63203125 0.1984375 0.30625
1 0.68671875 0.2515625 0.2828125 0.1609375
1 0.665625 0.47421875 0.121875 0.125
1 0.54765625 0.36796875 0.1515625 0.2671875