3 0.265625 0.13984375 0.1328125 0.1796875
3 0.14765625 0.04453125 0.1203125 0.05625
3 0.36328125 0.225 0.1234375 0.13125
3 0.39765625 0.3171875 0.0640625 0.0484375
3 0.3875 0.34296875 0.0703125 0.04375
3 0.48515625 0.2546875 0.146875 0.0640625
3 0.54921875 0.33203125 0.046875 0.1
3 0.48203125 0.4125 0.0421875 0.0453125
3 0.4421875 0.36875 0.04375 0.0421875
3 0.66875 0.3734375 0.0484375 0.046875
3 0.53515625 0.46484375 0.115625 0.065625
3 0.5953125 0.471875 0.0578125 0.0890625
3 0.5515625 0.528125 0.053125 0.06875
3 0.553125 0.57265625 0.0390625 0.0296875
3 0.27890625 0.6515625 0.0890625 0.196875
3 0.221875 0.6796875 0.0734375 0.1390625
3 0.42265625 0.728125 0.0546875 0.05
3 0.503125 0.78515625 0.0703125 0.0875
3 0.4984375 0.70625 0.053125 0.065625
3 0.42578125 0.790625 0.0984375 0.071875
3 0.17890625 0.7140625 0.1125 0.05625
3 0.35390625 0.559375 0.078125 0.078125
3 0.1140625 0.484375 0.1484375 0.1015625
3 0.2140625 0.428125 0.159375 0.1359375
3 0.209375 0.26875 0.1390625 0.14375
3 0.334375 0.3390625 0.071875 0.075
0 0.07421875 0.8609375 0.096875 0.1484375
0 0.253125 0.80546875 0.0578125 0.1078125
1 0.125 0.6234375 0.06875 0.15625
1 0.19765625 0.58671875 0.0453125 0.1875
1 0.09140625 0.7265625 0.0890625 0.11875
1 0.44140625 0.45390625 0.0640625 0.1359375
1 0.4234375 0.65625 0.071875 0.121875
1 0.475 0.55625 0.084375 0.1234375
1 0.3953125 0.49296875 0.1015625 0.11875
3 0.51640625 0.34609375 0.084375 0.0859375