0 0.096875 0.79375 0.171875 0.1203125
0 0.2203125 0.6796875 0.0984375 0.1109375
1 0.25234375 0.5421875 0.0921875 0.1921875
1 0.253125 0.3640625 0.090625 0.1671875
1 0.359375 0.5484375 0.06875 0.1703125
1 0.33828125 0.68046875 0.0984375 0.171875
3 0.34375 0.07265625 0.2828125 0.1421875
3 0.2625 0.15859375 0.14375 0.10625
3 0.36796875 0.24609375 0.1375 0.1265625
3 0.5015625 0.25390625 0.14375 0.140625
3 0.15859375 0.2640625 0.1671875 0.14375
3 0.3625 0.39140625 0.1203125 0.1640625
3 0.478125 0.3609375 0.1578125 0.115625
3 0.67890625 0.41875 0.303125 0.2140625
3 0.528125 0.49140625 0.25625 0.1546875
3 0.7734375 0.565625 0.1671875 0.178125
3 0.66796875 0.6125 0.125 0.0984375
3 0.60234375 0.65625 0.1390625 0.0984375