0 0.68203125 0.7703125 0.1796875 0.1453125
0 0.7265625 0.83125 0.2078125 0.0671875
3 0.7875 0.10546875 0.1953125 0.1734375
3 0.53359375 0.134375 0.2140625 0.1296875
3 0.30078125 0.234375 0.3640625 0.15625
3 0.3671875 0.3 0.2515625 0.203125
3 0.559375 0.309375 0.296875 0.2171875
3 0.7609375 0.31875 0.1078125 0.0703125
3 0.70625 0.4140625 0.128125 0.078125
1 0.78125 0.6609375 0.053125 0.2640625
1 0.76015625 0.484375 0.0578125 0.0984375
1 0.76953125 0.23203125 0.0625 0.1125
1 0.640625 0.35 0.075 0.0546875