3 0.81484375 0.79296875 0.1375 0.1828125
3 0.94609375 0.85703125 0.1078125 0.0609375
3 0.69921875 0.73359375 0.1265625 0.1359375
3 0.64375 0.65234375 0.0640625 0.0515625
3 0.646875 0.625 0.071875 0.0453125
3 0.57421875 0.734375 0.146875 0.06875
3 0.49296875 0.67421875 0.05 0.1
3 0.5390625 0.58046875 0.0421875 0.046875
3 0.5875 0.61328125 0.0453125 0.0421875
3 0.3671875 0.6640625 0.0484375 0.0484375
3 0.47421875 0.5421875 0.1171875 0.0703125
3 0.4140625 0.55078125 0.0609375 0.0890625
3 0.44375 0.48515625 0.0546875 0.0703125
3 0.43125 0.44296875 0.040625 0.03125
3 0.678125 0.3 0.0953125 0.1984375
3 0.7265625 0.25859375 0.078125 0.140625
3 0.51953125 0.259375 0.05625 0.0515625
3 0.428125 0.2234375 0.0734375 0.0890625
3 0.4515625 0.29921875 0.05625 0.0671875
3 0.50234375 0.2 0.1 0.075
3 0.759375 0.21484375 0.1140625 0.059375
3 0.62734375 0.40703125 0.0796875 0.0796875
3 0.878125 0.421875 0.1515625 0.10625
3 0.7953125 0.5 0.1625 0.140625
3 0.83828125 0.65390625 0.1421875 0.1484375
3 0.69921875 0.61640625 0.075 0.0765625
0 0.82578125 0.0609375 0.1015625 0.121875
0 0.665625 0.14375 0.0609375 0.109375
1 0.834375 0.28984375 0.0734375 0.1578125
1 0.771875 0.34296875 0.0515625 0.1875
1 0.84140625 0.18125 0.0921875 0.121875
1 0.56796875 0.53046875 0.0671875 0.1375
1 0.53671875 0.3296875 0.075 0.1234375
1 0.51015625 0.4390625 0.0890625 0.125
1 0.603125 0.48125 0.1046875 0.121875
3 0.521875 0.653125 0.0875 0.0890625