3 0.1734375 0.91484375 0.13125 0.1328125
3 0.3625 0.79296875 0.1453125 0.15
3 0.2578125 0.8484375 0.146875 0.1234375
3 0.23359375 0.7609375 0.1484375 0.10625
3 0.44296875 0.72890625 0.1296875 0.109375
3 0.534375 0.6953125 0.1546875 0.08125
3 0.54453125 0.6078125 0.128125 0.14375
3 0.378125 0.5828125 0.1234375 0.0953125
1 0.31171875 0.6703125 0.0796875 0.1234375
1 0.44765625 0.6359375 0.0609375 0.0953125
1 0.34375 0.4484375 0.09375 0.19375
0 0.05859375 0.203125 0.1171875 0.128125
1 0.2359375 0.27734375 0.18125 0.2296875
1 0.32421875 0.57421875 0.0765625 0.11875