3 0.346875 0.6515625 0.1609375 0.1296875
3 0.11171875 0.309375 0.1515625 0.1453125
3 0.21328125 0.3546875 0.0671875 0.0890625
3 0.30234375 0.35703125 0.1203125 0.0640625
3 0.2875 0.38203125 0.0734375 0.0671875
3 0.40546875 0.38671875 0.1078125 0.05625
3 0.3703125 0.28984375 0.128125 0.1046875
3 0.30546875 0.28359375 0.059375 0.0625
2 0.3515625 0.3078125 0.065625 0.0765625
2 0.4109375 0.3515625 0.125 0.05625
2 0.52109375 0.33203125 0.0296875 0.0546875
2 0.55234375 0.29609375 0.0421875 0.0453125
2 0.57734375 0.27578125 0.04375 0.04375
2 0.175 0.07109375 0.15625 0.1421875
2 0.5671875 0.41484375 0.0625 0.1171875
2 0.50703125 0.4078125 0.0875 0.0609375
2 0.4890625 0.44765625 0.0953125 0.05625
1 0.13203125 0.18671875 0.0609375 0.1234375
1 0.5390625 0.171875 0.190625 0.1609375
1 0.2359375 0.21796875 0.16875 0.0640625
1 0.45546875 0.2859375 0.14375 0.0578125
1 0.13984375 0.4921875 0.1125 0.2484375
1 0.40625 0.44609375 0.1 0.109375
1 0.3234375 0.4953125 0.1421875 0.115625
1 0.234375 0.46796875 0.0671875 0.1578125
1 0.246875 0.571875 0.2078125 0.0765625
0 0.0921875 0.81171875 0.1625 0.1109375
1 0.09296875 0.6828125 0.0734375 0.1734375