3 0.94453125 0.7703125 0.1109375 0.128125
3 0.73359375 0.72421875 0.1390625 0.1453125
3 0.85078125 0.73828125 0.1421875 0.1171875
3 0.8421875 0.6484375 0.1453125 0.1
3 0.63515625 0.69296875 0.1265625 0.1046875
3 0.53828125 0.69453125 0.153125 0.0734375
3 0.496875 0.61640625 0.121875 0.1390625
3 0.64375 0.53359375 0.1203125 0.0890625
1 0.73671875 0.59140625 0.0734375 0.1203125
1 0.59765625 0.6078125 0.05625 0.09375
1 0.62734375 0.39609375 0.084375 0.1921875
0 0.834375 0.05625 0.175 0.1125
1 0.66640625 0.19765625 0.171875 0.225
1 0.690625 0.50625 0.071875 0.1171875