0 0.77890625 0.1859375 0.1703125 0.1046875
3 0.9171875 0.61796875 0.0875 0.11875
3 0.809375 0.621875 0.159375 0.15625
3 0.34765625 0.5390625 0.1921875 0.09375
3 0.40390625 0.66328125 0.228125 0.1828125
3 0.65390625 0.665625 0.1921875 0.103125
3 0.875 0.778125 0.203125 0.1265625
3 0.80625 0.8765625 0.0890625 0.1109375
3 0.559375 0.61640625 0.1140625 0.1328125
1 0.6171875 0.39140625 0.1390625 0.284375
1 0.62578125 0.78359375 0.26875 0.103125
1 0.65546875 0.5625 0.1015625 0.1046875
1 0.51640625 0.63984375 0.096875 0.2546875