0 0.24375 0.928125 0.1734375 0.1234375
0 0.3125 0.775 0.1 0.1125
1 0.28828125 0.6359375 0.0953125 0.19375
1 0.21953125 0.47109375 0.09375 0.1671875
1 0.3890625 0.59921875 0.071875 0.1703125
1 0.421875 0.72890625 0.1015625 0.171875
3 0.1890625 0.1671875 0.2828125 0.146875
3 0.14765625 0.27890625 0.1453125 0.109375
3 0.27890625 0.31796875 0.1390625 0.128125
3 0.40546875 0.27265625 0.1453125 0.1421875
3 0.09296875 0.41640625 0.16875 0.1453125
3 0.33125 0.45390625 0.121875 0.1640625
3 0.42578125 0.38046875 0.159375 0.1171875
3 0.6328125 0.35546875 0.3046875 0.21875
3 0.52265625 0.48125 0.2578125 0.159375
3 0.77734375 0.45390625 0.16875 0.1796875
3 0.6984375 0.5375 0.1265625 0.1
3 0.65546875 0.60390625 0.1390625 0.1