0 0.14296875 0.8625 0.11484375 0.21171875
0 0.26171875 0.82265625 0.13203125 0.25703125
1 0.4078125 0.6296875 0.14375 0.0421875
3 0.56484375 0.62421875 0.13515625 0.12265625
3 0.46015625 0.58671875 0.07890625 0.03515625
3 0.41875 0.5296875 0.04765625 0.06328125
2 0.11015625 0.07734375 0.0890625 0.04453125
2 0.478125 0.19140625 0.0671875 0.04609375
2 0.35234375 0.221875 0.15546875 0.0828125
2 0.290625 0.05234375 0.09765625 0.04453125
2 0.4203125 0.4234375 0.16796875 0.0609375
2 0.259375 0.4421875 0.10078125 0.05078125
2 0.4859375 0.225 0.15703125 0.04609375
2 0.528125 0.271875 0.175 0.0609375
2 0.57890625 0.3515625 0.11484375 0.1125
2 0.50859375 0.36875 0.0984375 0.10078125
2 0.353125 0.28203125 0.09375 0.0828125
2 0.2796875 0.5796875 0.1078125 0.0359375
2 0.31953125 0.50859375 0.07421875 0.1046875
1 0.2890625 0.39140625 0.03671875 0.04140625
1 0.37421875 0.3484375 0.15 0.04296875
1 0.4234375 0.30859375 0.0984375 0.07578125
1 0.54453125 0.496875 0.06796875 0.1109375
1 0.6421875 0.51484375 0.13671875 0.078125
1 0.6890625 0.37109375 0.06328125 0.2390625
1 0.56796875 0.165625 0.1125 0.1046875
1 0.63671875 0.240625 0.08515625 0.07265625
1 0.3390625 0.08046875 0.33359375 0.0625
1 0.35078125 0.14140625 0.10859375 0.096875
1 0.04921875 0.12578125 0.06796875 0.14921875