3 0.38828125 0.684375 0.1484375 0.1125
3 0.07734375 0.40859375 0.1375 0.1296875
3 0.18671875 0.428125 0.05625 0.0828125
3 0.27421875 0.409375 0.1171875 0.0484375
3 0.26484375 0.4375 0.065625 0.059375
3 0.38125 0.41328125 0.1046875 0.0421875
3 0.3234375 0.328125 0.1171875 0.090625
3 0.259375 0.3375 0.053125 0.0578125
2 0.31015625 0.34921875 0.05625 0.0703125
2 0.378125 0.37734375 0.121875 0.040625
2 0.48046875 0.33203125 0.021875 0.053125
2 0.5015625 0.28984375 0.0375 0.0421875
2 0.5203125 0.26328125 0.0390625 0.0390625
2 0.078125 0.14921875 0.1375 0.1546875
2 0.54453125 0.4015625 0.046875 0.1125
2 0.484375 0.409375 0.0828125 0.0515625
2 0.4765625 0.4515625 0.090625 0.0453125
1 0.0671875 0.28515625 0.04375 0.1203125
1 0.45859375 0.171875 0.1765625 0.1390625
1 0.175 0.28984375 0.1671875 0.0421875
1 0.40546875 0.303125 0.1421875 0.0390625
1 0.14921875 0.5796875 0.0796875 0.24375
1 0.39609375 0.4703125 0.0875 0.1
1 0.32734375 0.53828125 0.13125 0.1
1 0.23515625 0.53359375 0.046875 0.15625
1 0.27109375 0.63125 0.20625 0.0484375
0 0.1796875 0.90078125 0.153125 0.090625
1 0.14921875 0.77578125 0.0515625 0.1703125