0 0.25234375 0.77265625 0.19375 0.240625
1 0.2421875 0.5171875 0.08984375 0.2890625
1 0.178125 0.434375 0.12421875 0.1015625
1 0.51015625 0.25390625 0.175 0.1390625
1 0.24375 0.2203125 0.2078125 0.0453125
1 0.090625 0.16171875 0.09140625 0.1578125
3 0.0578125 0.36640625 0.115625 0.1078125
3 0.1734375 0.29296875 0.17421875 0.08515625
3 0.36171875 0.28984375 0.07109375 0.1046875
3 0.35703125 0.48671875 0.07578125 0.11171875
3 0.55625 0.4765625 0.0640625 0.10703125
3 0.65625 0.371875 0.13984375 0.0609375
3 0.74375 0.325 0.078125 0.09375
3 0.7140625 0.4359375 0.0546875 0.14375
3 0.41875 0.1859375 0.1203125 0.08984375
3 0.19765625 0.13515625 0.0703125 0.103125
3 0.575 0.61015625 0.1078125 0.08125