0 0.15546875 0.125 0.121875 0.215625
0 0.2734375 0.16953125 0.140625 0.2609375
1 0.4125 0.3671875 0.1453125 0.046875
3 0.56875 0.378125 0.1390625 0.1265625
3 0.46328125 0.41171875 0.0796875 0.0375
3 0.41953125 0.4671875 0.05 0.065625
2 0.0953125 0.90859375 0.090625 0.046875
2 0.4671875 0.8078125 0.06875 0.0484375
2 0.34296875 0.77265625 0.1578125 0.0875
2 0.275 0.93984375 0.0984375 0.0484375
2 0.41796875 0.5734375 0.1703125 0.0671875
2 0.2578125 0.54921875 0.103125 0.0546875
2 0.4765625 0.77421875 0.1578125 0.0515625
2 0.5203125 0.72890625 0.1765625 0.0671875
2 0.5734375 0.65078125 0.11875 0.1171875
2 0.50390625 0.63125 0.1015625 0.1046875
2 0.3453125 0.7125 0.096875 0.0859375
2 0.2828125 0.4125 0.109375 0.0390625
2 0.3203125 0.48515625 0.078125 0.1078125
1 0.28515625 0.60078125 0.0375 0.0421875
1 0.36875 0.646875 0.1515625 0.0484375
1 0.4171875 0.68828125 0.1015625 0.0796875
1 0.54453125 0.5046875 0.071875 0.1125
1 0.64296875 0.48984375 0.1390625 0.0828125
1 0.684375 0.63515625 0.071875 0.240625
1 0.55625 0.83671875 0.115625 0.1078125
1 0.62734375 0.7640625 0.0875 0.075
1 0.32421875 0.91328125 0.3359375 0.0734375
1 0.33828125 0.853125 0.1125 0.1
1 0.03671875 0.85859375 0.0734375 0.1515625