0 0.2875 0.3375 0.0859375 0.05
1 0.325 0.45625 0.0796875 0.1859375
1 0.30078125 0.578125 0.0703125 0.0953125
1 0.36640625 0.6 0.115625 0.0796875
2 0.1828125 0.7859375 0.121875 0.10625
2 0.29765625 0.721875 0.1609375 0.084375
2 0.3828125 0.71953125 0.0546875 0.0734375
2 0.409375 0.671875 0.046875 0.040625
3 0.225 0.4421875 0.1015625 0.0984375
3 0.48125 0.58203125 0.1109375 0.1171875
3 0.3328125 0.696875 0.0671875 0.0421875
3 0.28125 0.6671875 0.0453125 0.053125
3 0.25390625 0.5703125 0.0484375 0.0609375
3 0.11015625 0.69375 0.1265625 0.08125
3 0.06640625 0.6421875 0.08125 0.059375
1 0.20703125 0.6578125 0.065625 0.0875
1 0.23515625 0.61328125 0.04375 0.040625
3 0.03671875 0.73671875 0.0734375 0.0546875
3 0.32421875 0.65859375 0.075 0.0625
1 0.21171875 0.7109375 0.0640625 0.0828125
1 0.25859375 0.640625 0.053125 0.0859375
1 0.3640625 0.65234375 0.0265625 0.05625
3 0.42890625 0.53828125 0.08125 0.0953125
3 0.1515625 0.6390625 0.0796875 0.0671875