3 0.46796875 0.65625 0.1015625 0.0921875
3 0.4046875 0.6125 0.0828125 0.06875
3 0.2125 0.71015625 0.0953125 0.0765625
0 0.20234375 0.7953125 0.184375 0.0953125
0 0.26015625 0.74921875 0.0578125 0.0578125
1 0.3484375 0.625 0.0390625 0.1359375
3 0.22578125 0.61171875 0.1890625 0.128125
3 0.2921875 0.53359375 0.1375 0.08125
3 0.46640625 0.515625 0.1328125 0.053125
3 0.278125 0.46015625 0.1859375 0.0640625
3 0.27265625 0.4046875 0.203125 0.05625
3 0.303125 0.34140625 0.1171875 0.103125
3 0.07890625 0.34765625 0.078125 0.090625
3 0.1703125 0.53984375 0.071875 0.0390625
3 0.1296875 0.58671875 0.0703125 0.0640625
3 0.3234375 0.221875 0.1796875 0.0984375
3 0.32421875 0.15078125 0.15 0.0671875
3 0.31015625 0.10390625 0.09375 0.0421875
3 0.18515625 0.09375 0.1765625 0.04375
3 0.1390625 0.1609375 0.1609375 0.1078125
3 0.15703125 0.259375 0.125 0.1109375
2 0.1671875 0.48515625 0.090625 0.046875
1 0.48125 0.36171875 0.1171875 0.2375
1 0.56171875 0.1859375 0.04375 0.1875
1 0.4921875 0.19921875 0.0625 0.1390625
1 0.03671875 0.4734375 0.0546875 0.2