0 0.9078125 0.8234375 0.184375 0.10625
0 0.825 0.803125 0.0734375 0.075
1 0.7625 0.7015625 0.1234375 0.165625
1 0.6703125 0.5890625 0.10625 0.1375
1 0.58046875 0.59609375 0.14375 0.0890625
3 0.5328125 0.5375 0.1109375 0.0765625
3 0.4390625 0.5890625 0.1625 0.10625
3 0.6078125 0.2265625 0.125 0.0765625
3 0.58671875 0.26484375 0.1828125 0.0890625
3 0.53984375 0.3203125 0.13125 0.096875
1 0.57578125 0.09375 0.1109375 0.121875
1 0.5453125 0.16953125 0.215625 0.084375
1 0.45703125 0.2359375 0.1 0.1109375
1 0.71875 0.25 0.1109375 0.134375
1 0.6609375 0.34296875 0.1796875 0.090625
1 0.52265625 0.41875 0.2140625 0.15625
1 0.4421875 0.51015625 0.259375 0.109375