3 0.928125 0.190625 0.1171875 0.1203125
3 0.7125 0.25625 0.1296875 0.1359375
3 0.82890625 0.23203125 0.1359375 0.1078125
3 0.828125 0.32265625 0.1390625 0.0890625
3 0.61796875 0.29609375 0.1203125 0.0953125
3 0.52109375 0.30234375 0.1515625 0.0625
3 0.48671875 0.38359375 0.1125 0.13125
3 0.640625 0.45390625 0.115625 0.08125
1 0.728125 0.38828125 0.0640625 0.1171875
1 0.58828125 0.38359375 0.05 0.090625
1 0.6359375 0.5921875 0.06875 0.1890625
0 0.87265625 0.91640625 0.16875 0.1078125
1 0.6921875 0.78671875 0.1546875 0.2140625
1 0.68984375 0.47734375 0.0625 0.1140625