0 0.26171875 0.21875 0.2015625 0.246875
1 0.24296875 0.4734375 0.1 0.2921875
1 0.17578125 0.5546875 0.128125 0.10625
1 0.5015625 0.74609375 0.1796875 0.1453125
1 0.234375 0.7703125 0.209375 0.053125
1 0.07890625 0.8234375 0.096875 0.1609375
3 0.05625 0.6171875 0.1125 0.1125
3 0.16640625 0.6953125 0.1765625 0.090625
3 0.3546875 0.70546875 0.075 0.1078125
3 0.35703125 0.50859375 0.0796875 0.1140625
3 0.55546875 0.525 0.0671875 0.109375
3 0.6515625 0.63359375 0.1421875 0.065625
3 0.7375 0.68359375 0.08125 0.096875
3 0.71171875 0.571875 0.059375 0.1453125
3 0.4078125 0.8109375 0.1234375 0.09375
3 0.18515625 0.85390625 0.0734375 0.10625
3 0.57890625 0.3921875 0.1109375 0.084375