3 0.48515625 0.184375 0.1390625 0.06875
3 0.5890625 0.18515625 0.1109375 0.0625
3 0.5203125 0.24296875 0.103125 0.040625
3 0.48671875 0.30234375 0.1359375 0.0546875
3 0.61875 0.31015625 0.153125 0.0734375
3 0.93515625 0.428125 0.103125 0.0671875
3 0.82421875 0.43046875 0.078125 0.046875
3 0.415625 0.39140625 0.1140625 0.1234375
3 0.521875 0.421875 0.040625 0.0296875
3 0.5765625 0.43515625 0.04375 0.03125
3 0.69453125 0.41484375 0.059375 0.0421875
3 0.66796875 0.4484375 0.084375 0.0328125
2 0.45234375 0.10703125 0.1109375 0.0796875
2 0.54921875 0.13828125 0.1328125 0.0671875
2 0.3671875 0.0875 0.05625 0.053125
2 0.38203125 0.11875 0.0984375 0.0296875
2 0.284375 0.10546875 0.090625 0.0796875
2 0.2484375 0.17265625 0.078125 0.065625
2 0.3921875 0.21640625 0.0625 0.040625
2 0.4625 0.20625 0.078125 0.0421875
2 0.3109375 0.23203125 0.11875 0.0453125
2 0.296875 0.27421875 0.0859375 0.0484375
2 0.11953125 0.3109375 0.1 0.0515625
1 0.2015625 0.1359375 0.0921875 0.021875
1 0.1546875 0.190625 0.0359375 0.090625
1 0.175 0.271875 0.078125 0.09375
1 0.30703125 0.26796875 0.2265625 0.0390625
1 0.20703125 0.3484375 0.08125 0.0828125
1 0.16171875 0.3296875 0.1578125 0.1671875
1 0.2390625 0.47578125 0.1515625 0.140625
0 0.2578125 0.6 0.1296875 0.1265625
0 0.16640625 0.7703125 0.284375 0.1359375
1 0.42109375 0.64140625 0.1609375 0.0515625
1 0.49375 0.5859375 0.1859375 0.0625
1 0.54140625 0.50703125 0.059375 0.1078125
1 0.49765625 0.53828125 0.05 0.0671875
1 0.6328125 0.503125 0.0671875 0.078125