3 0.5015625 0.81640625 0.1421875 0.0765625
3 0.60546875 0.81015625 0.1140625 0.0671875
3 0.53359375 0.75546875 0.10625 0.0453125
3 0.49765625 0.6984375 0.1390625 0.0609375
3 0.62890625 0.68359375 0.15625 0.08125
3 0.93828125 0.54921875 0.10625 0.071875
3 0.82734375 0.55234375 0.0796875 0.05
3 0.421875 0.6125 0.1203125 0.1296875
3 0.52578125 0.5765625 0.0421875 0.0328125
3 0.58046875 0.5609375 0.0453125 0.034375
3 0.6984375 0.57421875 0.0625 0.0453125
3 0.6703125 0.54296875 0.0859375 0.0375
2 0.47265625 0.8953125 0.1140625 0.0859375
2 0.56796875 0.85859375 0.1359375 0.075
2 0.3890625 0.91875 0.059375 0.05625
2 0.40234375 0.88671875 0.1 0.034375
2 0.30546875 0.90546875 0.09375 0.084375
2 0.26640625 0.83984375 0.08125 0.06875
2 0.4078125 0.7890625 0.0640625 0.04375
2 0.47734375 0.7953125 0.08125 0.0453125
2 0.325 0.77734375 0.1203125 0.0515625
2 0.30859375 0.7359375 0.0875 0.053125
2 0.1296875 0.70859375 0.103125 0.05625
1 0.22109375 0.87890625 0.09375 0.0265625
1 0.17109375 0.8265625 0.040625 0.0921875
1 0.1875 0.7453125 0.08125 0.096875
1 0.31953125 0.7421875 0.228125 0.05
1 0.215625 0.66640625 0.0859375 0.0875
1 0.17109375 0.6875 0.1671875 0.175
1 0.24140625 0.5375 0.1578125 0.1484375
0 0.25234375 0.41328125 0.1359375 0.1328125
0 0.15234375 0.24765625 0.290625 0.15
1 0.41328125 0.3625 0.1625 0.059375
1 0.4890625 0.41484375 0.1875 0.071875
1 0.540625 0.490625 0.0640625 0.1109375
1 0.49609375 0.46171875 0.053125 0.0703125
1 0.6328125 0.48984375 0.071875 0.08125