0 0.21328125 0.040625 0.2453125 0.08125
0 0.3125 0.096875 0.0703125 0.071875
1 0.33203125 0.21484375 0.1140625 0.1625
1 0.375 0.35390625 0.0984375 0.134375
1 0.4609375 0.38046875 0.1421875 0.0796875
3 0.48359375 0.453125 0.1078125 0.0703125
3 0.58984375 0.440625 0.159375 0.096875
3 0.29765625 0.71328125 0.1234375 0.06875
3 0.33125 0.68515625 0.18125 0.078125
3 0.3953125 0.6515625 0.128125 0.0890625
1 0.27734375 0.8484375 0.1046875 0.1171875
1 0.33359375 0.7890625 0.215625 0.0703125
1 0.440625 0.7609375 0.09375 0.10625
1 0.203125 0.65 0.103125 0.13125
1 0.2921875 0.58515625 0.178125 0.0796875
1 0.4484375 0.5671875 0.209375 0.14375
1 0.55703125 0.5125 0.259375 0.0921875