0 0.7953125 0.2796875 0.2359375 0.2734375
1 0.75625 0.53203125 0.14375 0.3015625
1 0.803125 0.62578125 0.140625 0.1234375
1 0.44296875 0.73984375 0.1984375 0.1703125
1 0.6984375 0.8234375 0.2125 0.084375
1 0.8375 0.91015625 0.1203125 0.171875
3 0.90859375 0.715625 0.134375 0.128125
3 0.78125 0.765625 0.1875 0.1171875
3 0.5953125 0.7328125 0.0890625 0.115625
3 0.6375 0.540625 0.0953125 0.1234375
3 0.440625 0.5125 0.0828125 0.1171875
3 0.321875 0.59609375 0.1484375 0.0859375
3 0.22734375 0.625 0.0953125 0.10625
3 0.27734375 0.521875 0.08125 0.1515625
3 0.51953125 0.8234375 0.1359375 0.1109375
3 0.72734375 0.915625 0.0890625 0.1140625
3 0.44765625 0.37734375 0.121875 0.1