0 0.84453125 0.875 0.121875 0.215625
0 0.7265625 0.83046875 0.140625 0.2609375
1 0.5875 0.6328125 0.1453125 0.046875
3 0.43125 0.621875 0.1390625 0.1265625
3 0.53671875 0.58828125 0.0796875 0.0375
3 0.58046875 0.5328125 0.05 0.065625
2 0.9046875 0.09140625 0.090625 0.046875
2 0.5328125 0.1921875 0.06875 0.0484375
2 0.65703125 0.22734375 0.1578125 0.0875
2 0.725 0.06015625 0.0984375 0.0484375
2 0.58203125 0.4265625 0.1703125 0.0671875
2 0.7421875 0.45078125 0.103125 0.0546875
2 0.5234375 0.22578125 0.1578125 0.0515625
2 0.4796875 0.27109375 0.1765625 0.0671875
2 0.4265625 0.34921875 0.11875 0.1171875
2 0.49609375 0.36875 0.1015625 0.1046875
2 0.6546875 0.2875 0.096875 0.0859375
2 0.7171875 0.5875 0.109375 0.0390625
2 0.6796875 0.51484375 0.078125 0.1078125
1 0.71484375 0.39921875 0.0375 0.0421875
1 0.63125 0.353125 0.1515625 0.0484375
1 0.5828125 0.31171875 0.1015625 0.0796875
1 0.45546875 0.4953125 0.071875 0.1125
1 0.35703125 0.51015625 0.1390625 0.0828125
1 0.315625 0.36484375 0.071875 0.240625
1 0.44375 0.16328125 0.115625 0.1078125
1 0.37265625 0.2359375 0.0875 0.075
1 0.67578125 0.08671875 0.3359375 0.0734375
1 0.66171875 0.146875 0.1125 0.1
1 0.96328125 0.14140625 0.0734375 0.1515625