0 0.8265625 0.12265625 0.1609375 0.096875
0 0.7328125 0.26171875 0.084375 0.1
1 0.73203125 0.403125 0.0640625 0.1875
1 0.77109375 0.57734375 0.0671875 0.159375
1 0.6265625 0.42109375 0.04375 0.1671875
1 0.6171875 0.28828125 0.075 0.1640625
3 0.7484375 0.88125 0.271875 0.1015625
3 0.80859375 0.77890625 0.1328125 0.0875
3 0.6859375 0.71796875 0.1234375 0.109375
3 0.55390625 0.740625 0.128125 0.1234375
3 0.8859375 0.653125 0.1515625 0.1234375
3 0.6578125 0.575 0.0984375 0.1515625
3 0.55234375 0.63046875 0.146875 0.09375
3 0.34375 0.61953125 0.2828125 0.1734375
3 0.475 0.51484375 0.24375 0.1203125
3 0.21875 0.49765625 0.1453125 0.159375
3 0.31171875 0.428125 0.115625 0.0828125
3 0.36484375 0.37109375 0.1296875 0.0796875