0 0.85078125 0.26875 0.1890625 0.140625
3 0.87265625 0.721875 0.1125 0.134375
3 0.7671875 0.69765625 0.1890625 0.1875
3 0.3421875 0.4984375 0.20625 0.1328125
3 0.36484375 0.6328125 0.2609375 0.228125
3 0.60546875 0.69921875 0.2078125 0.1421875
3 0.790625 0.865625 0.225 0.16875
3 0.69765625 0.9390625 0.1109375 0.121875
3 0.52734375 0.62734375 0.140625 0.1546875
1 0.640625 0.42578125 0.1984375 0.30625
1 0.5484375 0.80703125 0.2828125 0.1609375
1 0.634375 0.6 0.121875 0.125
1 0.4796875 0.6390625 0.1515625 0.2671875