3 0.51484375 0.815625 0.1390625 0.06875
3 0.4109375 0.81484375 0.1109375 0.0625
3 0.4796875 0.75703125 0.103125 0.040625
3 0.51328125 0.69765625 0.1359375 0.0546875
3 0.38125 0.68984375 0.153125 0.0734375
3 0.06484375 0.571875 0.103125 0.0671875
3 0.17578125 0.56953125 0.078125 0.046875
3 0.584375 0.60859375 0.1140625 0.1234375
3 0.478125 0.578125 0.040625 0.0296875
3 0.4234375 0.56484375 0.04375 0.03125
3 0.30546875 0.58515625 0.059375 0.0421875
3 0.33203125 0.5515625 0.084375 0.0328125
2 0.54765625 0.89296875 0.1109375 0.0796875
2 0.45078125 0.86171875 0.1328125 0.0671875
2 0.6328125 0.9125 0.05625 0.053125
2 0.61796875 0.88125 0.0984375 0.0296875
2 0.715625 0.89453125 0.090625 0.0796875
2 0.7515625 0.82734375 0.078125 0.065625
2 0.6078125 0.78359375 0.0625 0.040625
2 0.5375 0.79375 0.078125 0.0421875
2 0.6890625 0.76796875 0.11875 0.0453125
2 0.703125 0.72578125 0.0859375 0.0484375
2 0.88046875 0.6890625 0.1 0.0515625
1 0.7984375 0.8640625 0.0921875 0.021875
1 0.8453125 0.809375 0.0359375 0.090625
1 0.825 0.728125 0.078125 0.09375
1 0.69296875 0.73203125 0.2265625 0.0390625
1 0.79296875 0.6515625 0.08125 0.0828125
1 0.83828125 0.6703125 0.1578125 0.1671875
1 0.7609375 0.52421875 0.1515625 0.140625
0 0.7421875 0.4 0.1296875 0.1265625
0 0.83359375 0.2296875 0.284375 0.1359375
1 0.57890625 0.35859375 0.1609375 0.0515625
1 0.50625 0.4140625 0.1859375 0.0625
1 0.45859375 0.49296875 0.059375 0.1078125
1 0.50234375 0.46171875 0.05 0.0671875
1 0.3671875 0.496875 0.0671875 0.078125