0 0.2625 0.6234375 0.08046875 0.0359375
1 0.3203125 0.5125 0.05 0.1796875
1 0.3171875 0.38828125 0.05546875 0.0875
1 0.3859375 0.378125 0.10703125 0.0625
2 0.2375 0.16328125 0.1078125 0.0890625
2 0.3390625 0.24609375 0.153125 0.059375
2 0.42265625 0.26328125 0.04375 0.06640625
2 0.440625 0.31484375 0.0421875 0.034375
3 0.21875 0.509375 0.0875 0.084375
3 0.49609375 0.41640625 0.09453125 0.10234375
3 0.36953125 0.27734375 0.0625 0.03203125
3 0.31328125 0.29765625 0.03828125 0.04765625
3 0.26953125 0.38828125 0.03984375 0.05546875
3 0.15 0.24140625 0.1171875 0.06171875
3 0.09765625 0.284375 0.075 0.046875
1 0.2390625 0.29375 0.05234375 0.0796875
1 0.25859375 0.3421875 0.0375 0.03515625
3 0.084375 0.18671875 0.06796875 0.04375
3 0.3546875 0.31328125 0.0671875 0.0515625
1 0.25234375 0.2421875 0.05234375 0.075
1 0.28671875 0.31953125 0.03984375 0.08046875
1 0.3921875 0.3265625 0.01796875 0.0546875
3 0.43671875 0.45 0.0671875 0.084375
3 0.18125 0.30234375 0.07109375 0.05546875