0 0.15390625 0.859375 0.159375 0.0953125
0 0.25546875 0.72578125 0.0828125 0.0984375
1 0.26328125 0.58515625 0.0609375 0.1859375
1 0.23359375 0.40859375 0.0640625 0.159375
1 0.36953125 0.571875 0.040625 0.165625
1 0.371875 0.70546875 0.071875 0.1625
3 0.271875 0.10625 0.271875 0.0984375
3 0.20703125 0.2046875 0.13125 0.0859375
3 0.32578125 0.27265625 0.121875 0.1078125
3 0.45859375 0.25703125 0.125 0.121875
3 0.12265625 0.32734375 0.1484375 0.1203125
3 0.34609375 0.4171875 0.096875 0.15
3 0.4546875 0.3671875 0.1453125 0.0921875
3 0.6625 0.3890625 0.2796875 0.16875
3 0.52578125 0.48671875 0.2421875 0.115625
3 0.78125 0.5171875 0.1421875 0.15625
3 0.684375 0.58125 0.1140625 0.08125
3 0.628125 0.6359375 0.128125 0.078125