3 0.76484375 0.83828125 0.11875 0.1703125
3 0.89140625 0.9234375 0.115625 0.046875
3 0.66015625 0.7625 0.1125 0.1234375
3 0.61796875 0.6734375 0.059375 0.04375
3 0.62578125 0.646875 0.0671875 0.0375
3 0.53671875 0.74296875 0.14375 0.0515625
3 0.465625 0.67109375 0.0390625 0.096875
3 0.52578125 0.5859375 0.0375 0.0421875
3 0.56875 0.62578125 0.040625 0.0375
3 0.34296875 0.64140625 0.04375 0.0421875
3 0.46796875 0.5375 0.1125 0.05625
3 0.40703125 0.53671875 0.0515625 0.084375
3 0.446875 0.4765625 0.0484375 0.065625
3 0.440625 0.4328125 0.0375 0.0265625
3 0.70703125 0.33046875 0.071875 0.1921875
3 0.76171875 0.296875 0.0625 0.134375
3 0.55703125 0.265625 0.0515625 0.046875
3 0.471875 0.215625 0.0640625 0.0828125
3 0.48359375 0.29453125 0.0484375 0.0625
3 0.54921875 0.20390625 0.09375 0.0640625
3 0.80078125 0.259375 0.109375 0.046875
3 0.640625 0.428125 0.071875 0.071875
3 0.88515625 0.48203125 0.1421875 0.090625
3 0.79140625 0.546875 0.1484375 0.125
3 0.809375 0.7046875 0.128125 0.134375
3 0.67890625 0.64609375 0.0671875 0.06875
0 0.89296875 0.10390625 0.084375 0.1421875
0 0.71875 0.17421875 0.0484375 0.1046875
1 0.86328125 0.34453125 0.0546875 0.153125
1 0.79375 0.3875 0.0296875 0.1859375
1 0.8875 0.2390625 0.0796875 0.1125
1 0.5625 0.540625 0.0515625 0.1328125
1 0.56328125 0.3375 0.0609375 0.1171875
1 0.51953125 0.44140625 0.075 0.1171875
1 0.6046875 0.49765625 0.0921875 0.1125
3 0.49765625 0.6546875 0.078125 0.0796875