3 0.15234375 0.89765625 0.1265625 0.128125
3 0.34765625 0.78515625 0.1390625 0.1453125
3 0.23984375 0.83515625 0.1421875 0.1171875
3 0.2203125 0.746875 0.1453125 0.1
3 0.43125 0.725 0.1265625 0.1046875
3 0.52421875 0.696875 0.153125 0.0734375
3 0.5390625 0.61015625 0.121875 0.1390625
3 0.3734375 0.5765625 0.1203125 0.0890625
1 0.303125 0.66015625 0.0734375 0.1203125
1 0.440625 0.6328125 0.05625 0.09375
1 0.346875 0.440625 0.084375 0.1921875
0 0.06484375 0.17734375 0.1296875 0.1203125
1 0.2484375 0.2640625 0.171875 0.225
1 0.3203125 0.56484375 0.071875 0.1171875