0 0.2546875 0.60625 0.0828125 0.0421875
1 0.31953125 0.5 0.0625 0.1828125
1 0.32578125 0.37578125 0.0609375 0.090625
1 0.39453125 0.3703125 0.1109375 0.0703125
2 0.26171875 0.14609375 0.1140625 0.096875
2 0.35703125 0.23515625 0.15625 0.0703125
2 0.4390625 0.25859375 0.0484375 0.06875
2 0.45390625 0.3109375 0.04375 0.0375
3 0.21875 0.48984375 0.09375 0.090625
3 0.5015625 0.41640625 0.1015625 0.109375
3 0.38515625 0.26875 0.0640625 0.0359375
3 0.328125 0.28515625 0.0421875 0.05
3 0.278125 0.37265625 0.04375 0.0578125
3 0.16875 0.21796875 0.121875 0.0703125
3 0.1140625 0.25703125 0.078125 0.0515625
1 0.25390625 0.27578125 0.0578125 0.0828125
1 0.2703125 0.32578125 0.040625 0.0375
3 0.10703125 0.15859375 0.0703125 0.0484375
3 0.36796875 0.30390625 0.0703125 0.05625
1 0.27109375 0.22578125 0.0578125 0.078125
1 0.3 0.30546875 0.0453125 0.0828125
1 0.4046875 0.31953125 0.021875 0.05625
3 0.440625 0.44609375 0.0734375 0.0890625
3 0.19609375 0.28046875 0.075 0.0609375