3 0.41015625 0.1765625 0.18125 0.1421875
3 0.15703125 0.4234375 0.1078125 0.109375
3 0.21171875 0.36796875 0.1125 0.1078125
3 0.275 0.40625 0.1875 0.053125
3 0.6546875 0.23203125 0.153125 0.0890625
3 0.584375 0.29140625 0.234375 0.0578125
3 0.4890625 0.35546875 0.1390625 0.08125
3 0.0859375 0.48828125 0.171875 0.0578125
3 0.065625 0.53125 0.121875 0.034375
3 0.3109375 0.246875 0.221875 0.1078125
2 0.734375 0.3265625 0.36875 0.0796875
2 0.8140625 0.2375 0.1875 0.134375
2 0.55859375 0.14453125 0.1484375 0.1109375
2 0.31640625 0.48359375 0.16875 0.0765625
2 0.4578125 0.41484375 0.196875 0.071875
0 0.28984375 0.8828125 0.3890625 0.234375
1 0.24609375 0.70703125 0.19375 0.1546875
1 0.1421875 0.5875 0.06875 0.125
1 0.1875 0.5859375 0.078125 0.15
1 0.24140625 0.60390625 0.0921875 0.21875
1 0.14453125 0.33359375 0.0328125 0.0875
1 0.615625 0.39453125 0.3234375 0.05
1 0.34609375 0.4375 0.278125 0.075