3 0.42421875 0.10546875 0.25 0.1625
2 0.7515625 0.10859375 0.128125 0.0859375
0 0.92890625 0.7375 0.1421875 0.16875
0 0.84453125 0.41484375 0.13125 0.115625
3 0.2921875 0.21796875 0.253125 0.1375
3 0.22734375 0.35625 0.31875 0.159375
3 0.0609375 0.3296875 0.121875 0.24375
3 0.11875 0.18671875 0.2296875 0.134375
3 0.671875 0.3484375 0.171875 0.090625
3 0.5828125 0.4578125 0.2671875 0.1921875
3 0.14765625 0.465625 0.2953125 0.184375
3 0.56171875 0.16328125 0.2265625 0.1546875
3 0.46640625 0.38984375 0.3203125 0.2046875
1 0.7921875 0.50234375 0.121875 0.190625
1 0.87578125 0.22578125 0.1421875 0.253125
1 0.7953125 0.275 0.0953125 0.1921875
1 0.71328125 0.25625 0.1796875 0.1453125
1 0.59453125 0.2890625 0.1 0.1375
1 0.49921875 0.2734375 0.090625 0.1015625
1 0.4140625 0.27578125 0.1265625 0.115625
2 0.38828125 0.3140625 0.0953125 0.053125
2 0.41875 0.34375 0.0828125 0.04375
2 0.4390625 0.36640625 0.1046875 0.0546875
2 0.609375 0.1828125 0.1125 0.0734375
2 0.58515625 0.0328125 0.0640625 0.0453125
2 0.58125 0.065625 0.053125 0.0328125
2 0.26875 0.2859375 0.0703125 0.0421875
3 0.7296875 0.61328125 0.1390625 0.0953125
3 0.7296875 0.1578125 0.1171875 0.075
3 0.14296875 0.24140625 0.103125 0.06875