3 0.659375 0.296875 0.121875 0.1234375
3 0.715625 0.17421875 0.1234375 0.0875
3 0.66171875 0.54921875 0.09375 0.0921875
3 0.75703125 0.6484375 0.05625 0.0625
3 0.64921875 0.63671875 0.1375 0.1
3 0.66171875 0.7 0.10625 0.1125
3 0.50078125 0.62421875 0.0984375 0.090625
0 0.83125 0.9671875 0.125 0.065625
1 0.63671875 0.8125 0.1703125 0.1015625
1 0.57578125 0.7140625 0.078125 0.13125
1 0.5625 0.3625 0.0921875 0.1734375
1 0.50078125 0.50078125 0.0875 0.1765625
1 0.58515625 0.571875 0.0734375 0.171875
1 0.82890625 0.10859375 0.2203125 0.125
1 0.9421875 0.19140625 0.1046875 0.171875
1 0.87578125 0.30390625 0.096875 0.1234375
1 0.7828125 0.37734375 0.1234375 0.1390625
1 0.71015625 0.365625 0.0703125 0.1328125
1 0.86328125 0.409375 0.1171875 0.0828125
1 0.65859375 0.434375 0.078125 0.1640625
1 0.57265625 0.38828125 0.1078125 0.05
1 0.703125 0.44296875 0.0984375 0.0984375