3 0.6359375 0.6671875 0.1515625 0.1171875
3 0.90546875 0.35078125 0.1421875 0.134375
3 0.80078125 0.38515625 0.059375 0.084375
3 0.71171875 0.37890625 0.11875 0.053125
3 0.72421875 0.40546875 0.0671875 0.0609375
3 0.60546875 0.39765625 0.1046875 0.046875
3 0.65078125 0.3046875 0.1203125 0.0953125
3 0.715625 0.30546875 0.0546875 0.059375
2 0.6671875 0.32421875 0.059375 0.071875
2 0.60390625 0.36171875 0.1234375 0.04375
2 0.49609375 0.33125 0.0234375 0.053125
2 0.46953125 0.29140625 0.0390625 0.0421875
2 0.446875 0.26875 0.040625 0.040625
2 0.86875 0.09375 0.1421875 0.159375
2 0.4421875 0.40859375 0.0515625 0.1140625
2 0.503125 0.4078125 0.084375 0.053125
2 0.51640625 0.44921875 0.0921875 0.0484375
1 0.8984375 0.2265625 0.0484375 0.121875
1 0.4953125 0.16953125 0.1796875 0.1453125
1 0.7921875 0.246875 0.1671875 0.0484375
1 0.56640625 0.2921875 0.1421875 0.04375
1 0.85859375 0.5296875 0.0875 0.2453125
1 0.59921875 0.45625 0.090625 0.103125
1 0.67578125 0.51328125 0.134375 0.1046875
1 0.7671875 0.49609375 0.0515625 0.15625
1 0.74453125 0.59765625 0.20625 0.05625
0 0.87265625 0.85234375 0.15625 0.096875
1 0.8859375 0.72421875 0.05625 0.1703125