3 0.496875 0.1640625 0.19375 0.1609375
3 0.18828125 0.3375 0.11875 0.1203125
3 0.25625 0.2984375 0.121875 0.11875
3 0.30703125 0.35078125 0.1890625 0.075
3 0.71875 0.28125 0.1609375 0.10625
3 0.63515625 0.3203125 0.2359375 0.0859375
3 0.52734375 0.35703125 0.1453125 0.0953125
3 0.10078125 0.38203125 0.178125 0.0765625
3 0.07265625 0.41796875 0.1234375 0.0484375
3 0.3828125 0.20625 0.2296875 0.1328125
2 0.771875 0.39296875 0.36875 0.1234375
2 0.87109375 0.328125 0.2 0.1546875
2 0.64921875 0.171875 0.159375 0.1265625
2 0.3265625 0.43671875 0.1734375 0.0953125
2 0.48125 0.40703125 0.2015625 0.09375
0 0.2 0.82578125 0.4 0.2984375
1 0.20078125 0.634375 0.2078125 0.175
1 0.13125 0.4921875 0.0828125 0.1296875
1 0.17578125 0.50234375 0.0953125 0.15625
1 0.22265625 0.53359375 0.1171875 0.225
1 0.2 0.24765625 0.04375 0.0890625
1 0.6390625 0.428125 0.321875 0.0890625
1 0.3671875 0.39921875 0.28125 0.10625