0 0.88671875 0.875 0.2265625 0.078125
0 0.7859375 0.840625 0.0671875 0.06875
1 0.7359375 0.73203125 0.1078125 0.1578125
1 0.65859375 0.609375 0.0921875 0.1296875
1 0.56875 0.60546875 0.140625 0.0734375
3 0.528125 0.54140625 0.10625 0.065625
3 0.428125 0.58046875 0.15625 0.0890625
3 0.63984375 0.24140625 0.121875 0.0640625
3 0.61484375 0.27734375 0.1796875 0.0703125
3 0.56171875 0.3265625 0.125 0.084375
1 0.625 0.10546875 0.1 0.1140625
1 0.58515625 0.17734375 0.215625 0.059375
1 0.48984375 0.23203125 0.090625 0.103125
1 0.74765625 0.278125 0.0984375 0.1265625
1 0.67890625 0.3640625 0.1765625 0.0703125
1 0.5328125 0.421875 0.2046875 0.1359375
1 0.44140625 0.503125 0.2578125 0.0796875