3 0.428125 0.2515625 0.1125 0.115625
3 0.421875 0.1171875 0.11875 0.078125
3 0.33203125 0.48515625 0.0875 0.084375
3 0.20625 0.54140625 0.0515625 0.0578125
3 0.31015625 0.5703125 0.1328125 0.0890625
3 0.275 0.62421875 0.0984375 0.1046875
3 0.453125 0.61484375 0.0921875 0.0828125
0 0.0359375 0.82265625 0.071875 0.0859375
1 0.25546875 0.73828125 0.1671875 0.0859375
1 0.35 0.66953125 0.065625 0.128125
1 0.49375 0.34921875 0.0765625 0.1703125
1 0.49921875 0.50078125 0.071875 0.175
1 0.39375 0.53515625 0.05625 0.1703125
1 0.34140625 0.03359375 0.2171875 0.0671875
1 0.2046875 0.065625 0.090625 0.13125
1 0.225 0.17734375 0.0875 0.1171875
1 0.28359375 0.28046875 0.1125 0.13125
1 0.35546875 0.296875 0.059375 0.13125
1 0.196875 0.2796875 0.1125 0.0734375
1 0.37734375 0.3796875 0.0625 0.1640625
1 0.47421875 0.36953125 0.1078125 0.040625
1 0.3328125 0.37109375 0.0921875 0.0921875