0 0.6171875 0.8046875 0.1953125 0.1640625
0 0.64609375 0.87421875 0.2109375 0.090625
3 0.86875 0.18046875 0.2125 0.19375
3 0.61484375 0.1515625 0.225 0.153125
3 0.365625 0.19609375 0.3765625 0.1984375
3 0.415625 0.275 0.2703125 0.2296875
3 0.60078125 0.32734375 0.3171875 0.2484375
3 0.7953125 0.38203125 0.1140625 0.0828125
3 0.7203125 0.4625 0.134375 0.0921875
1 0.73828125 0.7203125 0.084375 0.265625
1 0.75703125 0.54296875 0.06875 0.103125
1 0.82265625 0.3 0.075 0.1171875
1 0.67109375 0.3859375 0.0796875 0.0625