0 0.24765625 0.034375 0.2453125 0.06875
0 0.340625 0.08515625 0.0734375 0.075
1 0.35234375 0.20390625 0.1234375 0.165625
1 0.3859375 0.3453125 0.10625 0.1375
1 0.46953125 0.378125 0.14375 0.0890625
3 0.48671875 0.45234375 0.1109375 0.0765625
3 0.59375 0.446875 0.1625 0.10625
3 0.28359375 0.6984375 0.125 0.0765625
3 0.31875 0.6734375 0.1828125 0.0890625
3 0.38515625 0.64453125 0.13125 0.096875
1 0.253125 0.83203125 0.1109375 0.121875
1 0.3140625 0.77734375 0.215625 0.084375
1 0.42265625 0.75625 0.1 0.1109375
1 0.19375 0.62890625 0.1109375 0.134375
1 0.28671875 0.5703125 0.1796875 0.090625
1 0.44375 0.56328125 0.2140625 0.15625
1 0.55625 0.51640625 0.259375 0.109375