3 0.2234375 0.82890625 0.11875 0.1703125
3 0.09453125 0.909375 0.115625 0.046875
3 0.33046875 0.75625 0.1125 0.1234375
3 0.37578125 0.66875 0.059375 0.04375
3 0.36953125 0.6421875 0.0671875 0.0375
3 0.45546875 0.74140625 0.14375 0.0515625
3 0.528125 0.67265625 0.0390625 0.096875
3 0.47109375 0.584375 0.0375 0.0421875
3 0.4265625 0.62265625 0.040625 0.0375
3 0.65234375 0.64609375 0.04375 0.0421875
3 0.53046875 0.5390625 0.1125 0.05625
3 0.59140625 0.53984375 0.0515625 0.084375
3 0.55390625 0.478125 0.0484375 0.065625
3 0.5609375 0.434375 0.0375 0.0265625
3 0.29921875 0.32265625 0.071875 0.1921875
3 0.24609375 0.2875 0.0625 0.134375
3 0.45078125 0.2640625 0.0515625 0.046875
3 0.5375 0.2171875 0.0640625 0.0828125
3 0.52421875 0.29453125 0.0484375 0.0625
3 0.46171875 0.20234375 0.09375 0.0640625
3 0.2078125 0.2484375 0.109375 0.046875
3 0.3625 0.4234375 0.071875 0.071875
3 0.115625 0.46796875 0.1421875 0.090625
3 0.20703125 0.5359375 0.1484375 0.125
3 0.18359375 0.69375 0.128125 0.134375
3 0.31640625 0.63984375 0.0671875 0.06875
0 0.12109375 0.08984375 0.084375 0.1421875
0 0.2921875 0.16640625 0.0484375 0.1046875
1 0.14296875 0.33203125 0.0546875 0.153125
1 0.2109375 0.37734375 0.0296875 0.1859375
1 0.121875 0.22578125 0.0796875 0.1125
1 0.4359375 0.5390625 0.0515625 0.1328125
1 0.44296875 0.3359375 0.0609375 0.1171875
1 0.48203125 0.44140625 0.075 0.1171875
1 0.3953125 0.49453125 0.0921875 0.1125
3 0.49765625 0.6546875 0.078125 0.0796875