3 0.09453125 0.16171875 0.11015625 0.1125
3 0.3046875 0.2421875 0.12109375 0.12734375
3 0.190625 0.209375 0.12890625 0.0984375
3 0.18515625 0.3 0.134375 0.0796875
3 0.396875 0.28828125 0.1140625 0.0875
3 0.49296875 0.3015625 0.14765625 0.0515625
3 0.52109375 0.38515625 0.10390625 0.125
3 0.36328125 0.44453125 0.11015625 0.0734375
1 0.28046875 0.37265625 0.05703125 0.11328125
1 0.4203125 0.378125 0.04375 0.0875
1 0.3578125 0.5828125 0.05625 0.1859375
0 0.09921875 0.8890625 0.1625 0.09609375
1 0.28828125 0.77265625 0.14140625 0.2046875
1 0.3125 0.4640625 0.05546875 0.11015625