0 0.70078125 0.32265625 0.0875 0.0546875
1 0.67109375 0.44453125 0.0921875 0.1859375
1 0.7046875 0.5640625 0.075 0.0984375
1 0.63984375 0.590625 0.11875 0.0859375
2 0.8359375 0.76328125 0.1265625 0.1125
2 0.71796875 0.7078125 0.1625 0.0953125
2 0.63203125 0.7109375 0.0578125 0.075
2 0.60234375 0.665625 0.05 0.04375
3 0.7703125 0.42265625 0.1046875 0.103125
3 0.52421875 0.58046875 0.1171875 0.121875
3 0.68046875 0.684375 0.06875 0.046875
3 0.73046875 0.65078125 0.0484375 0.05625
3 0.75078125 0.55234375 0.0515625 0.0640625
3 0.90234375 0.66640625 0.128125 0.0875
3 0.9421875 0.61171875 0.084375 0.0640625
1 0.803125 0.63671875 0.0703125 0.090625
1 0.77265625 0.59453125 0.0453125 0.04375
3 0.9703125 0.703125 0.059375 0.059375
3 0.6859375 0.64609375 0.078125 0.065625
1 0.80234375 0.690625 0.06875 0.0859375
1 0.75078125 0.6234375 0.0578125 0.0875
1 0.646875 0.6421875 0.03125 0.0578125
3 0.5734375 0.53359375 0.0859375 0.0984375
3 0.85703125 0.61484375 0.0828125 0.0703125