0 0.24296875 0.42421875 0.0859375 0.05
1 0.32109375 0.521875 0.0828125 0.1859375
1 0.3421875 0.64453125 0.071875 0.096875
1 0.4109375 0.64140625 0.1171875 0.08125
2 0.30625 0.88046875 0.1234375 0.1078125
2 0.390625 0.7796875 0.1609375 0.0875
2 0.46953125 0.746875 0.05625 0.0734375
2 0.47734375 0.69296875 0.0484375 0.0421875
3 0.221875 0.54453125 0.1015625 0.1
3 0.5125 0.5828125 0.1125 0.11875
3 0.4140625 0.74375 0.0671875 0.04375
3 0.35546875 0.734375 0.046875 0.0546875
3 0.2953125 0.65390625 0.05 0.0625
3 0.20546875 0.8203125 0.1265625 0.0828125
3 0.14609375 0.78828125 0.0828125 0.0609375
1 0.28359375 0.75234375 0.0671875 0.0875
1 0.29296875 0.70078125 0.04375 0.0421875
3 0.1515625 0.88671875 0.075 0.05625
3 0.39296875 0.7109375 0.0765625 0.0640625
1 0.30625 0.8 0.065625 0.084375
1 0.325 0.71796875 0.0546875 0.0859375
1 0.42734375 0.690625 0.028125 0.0578125
3 0.44765625 0.5609375 0.0828125 0.0953125
3 0.225 0.7546875 0.0796875 0.06875