0 0.10703125 0.1765625 0.1359375 0.221875
0 0.2296875 0.20390625 0.1578125 0.26875
1 0.39453125 0.38046875 0.146875 0.05625
3 0.5515625 0.36953125 0.146875 0.1359375
3 0.4515625 0.41796875 0.0828125 0.04375
3 0.41640625 0.47890625 0.0546875 0.0671875
2 0.15625 0.9609375 0.09375 0.053125
2 0.51015625 0.809375 0.071875 0.053125
2 0.38203125 0.7921875 0.1625 0.0984375
2 0.33828125 0.9671875 0.1015625 0.0546875
2 0.42890625 0.584375 0.1734375 0.078125
2 0.26640625 0.5828125 0.10625 0.0609375
2 0.51484375 0.775 0.1609375 0.0625
2 0.5515625 0.72421875 0.1796875 0.078125
2 0.59375 0.6390625 0.1265625 0.1234375
2 0.52265625 0.6296875 0.1078125 0.1109375
2 0.3765625 0.73203125 0.1015625 0.0921875
2 0.27265625 0.44375 0.1109375 0.046875
2 0.31953125 0.51015625 0.084375 0.1125
1 0.3015625 0.6296875 0.040625 0.0453125
1 0.390625 0.6640625 0.153125 0.0578125
1 0.44375 0.6984375 0.10625 0.0859375
1 0.54453125 0.4984375 0.0796875 0.1171875
1 0.63984375 0.4703125 0.14375 0.0921875
1 0.7015625 0.60859375 0.0875 0.24375
1 0.60234375 0.82578125 0.1234375 0.115625
1 0.66328125 0.74375 0.0921875 0.08125
1 0.38359375 0.934375 0.3390625 0.096875
1 0.3890625 0.871875 0.11875 0.1078125
1 0.090625 0.91953125 0.0828125 0.15625