0 0.6859375 0.81796875 0.2390625 0.275
1 0.7484375 0.5703125 0.1484375 0.3015625
1 0.828125 0.50234375 0.1421875 0.125
1 0.54140625 0.25703125 0.2 0.171875
1 0.80859375 0.2796875 0.2125 0.0875
1 0.9546875 0.25390625 0.090625 0.1734375
3 0.94609375 0.46015625 0.1078125 0.1296875
3 0.8625 0.365625 0.1875 0.11875
3 0.67890625 0.3234375 0.090625 0.1171875
3 0.64296875 0.51640625 0.096875 0.125
3 0.45 0.465625 0.084375 0.11875
3 0.3734375 0.3421875 0.15 0.0890625
3 0.29765625 0.278125 0.0953125 0.1078125
3 0.30390625 0.39296875 0.0828125 0.1515625
3 0.64453125 0.209375 0.1359375 0.1125
3 0.871875 0.20625 0.090625 0.115625
3 0.40390625 0.5921875 0.121875 0.1015625