3 0.46484375 0.1859375 0.146875 0.0890625
3 0.3625 0.203125 0.11875 0.078125
3 0.43984375 0.24921875 0.1078125 0.05625
3 0.48203125 0.30234375 0.1421875 0.075
3 0.353125 0.33046875 0.1609375 0.096875
3 0.059375 0.496875 0.1125 0.08125
3 0.16953125 0.48203125 0.084375 0.0578125
3 0.56640625 0.3796875 0.13125 0.1390625
3 0.46640625 0.4265625 0.04375 0.0359375
3 0.4140625 0.44765625 0.0484375 0.0390625
3 0.29453125 0.446875 0.065625 0.05
3 0.32578125 0.475 0.0890625 0.0453125
2 0.4859375 0.10390625 0.121875 0.0953125
2 0.39453125 0.15078125 0.140625 0.0875
2 0.56640625 0.071875 0.0640625 0.0609375
2 0.55625 0.10546875 0.1015625 0.04375
2 0.6515625 0.0765625 0.1015625 0.09375
2 0.696875 0.1375 0.0875 0.0765625
2 0.56171875 0.20234375 0.0671875 0.0484375
2 0.49140625 0.20390625 0.084375 0.053125
2 0.64453125 0.20546875 0.1234375 0.0625
2 0.665625 0.2453125 0.0921875 0.0625
2 0.84609375 0.25390625 0.10625 0.0671875
1 0.7375 0.09375 0.09375 0.0359375
1 0.79296875 0.140625 0.05 0.0953125
1 0.78515625 0.2234375 0.090625 0.1046875
1 0.65390625 0.240625 0.228125 0.0734375
1 0.765625 0.3046875 0.0921875 0.0953125
1 0.8078125 0.27890625 0.18125 0.1890625
1 0.75390625 0.43515625 0.1703125 0.1625
0 0.7546875 0.56015625 0.146875 0.14375
0 0.86015625 0.7140625 0.2796875 0.178125
1 0.6 0.62734375 0.165625 0.075
1 0.51953125 0.58359375 0.1921875 0.0890625
1 0.46015625 0.51328125 0.075 0.115625
1 0.5078125 0.5375 0.059375 0.0734375
1 0.36953125 0.52421875 0.078125 0.0875