0 0.74765625 0.39765625 0.0828125 0.0421875
1 0.68046875 0.503125 0.065625 0.1828125
1 0.67265625 0.62734375 0.0625 0.0921875
1 0.603125 0.63125 0.1125 0.071875
2 0.73203125 0.85859375 0.115625 0.0984375
2 0.63828125 0.7671875 0.1578125 0.071875
2 0.55625 0.7421875 0.05 0.0703125
2 0.54296875 0.68984375 0.0453125 0.0375
3 0.78125 0.51484375 0.09375 0.0921875
3 0.496875 0.58359375 0.103125 0.1109375
3 0.6109375 0.7328125 0.065625 0.0375
3 0.66875 0.71796875 0.0421875 0.0515625
3 0.71953125 0.63125 0.04375 0.059375
3 0.82578125 0.78828125 0.121875 0.071875
3 0.88203125 0.75 0.078125 0.053125
1 0.7421875 0.728125 0.059375 0.084375
1 0.7265625 0.678125 0.040625 0.0390625
3 0.88671875 0.8484375 0.071875 0.05
3 0.628125 0.6984375 0.071875 0.0578125
1 0.72421875 0.778125 0.059375 0.0796875
1 0.696875 0.6984375 0.046875 0.084375
1 0.5921875 0.68203125 0.0234375 0.05625
3 0.55859375 0.55546875 0.075 0.090625
3 0.8 0.725 0.075 0.0609375