3 0.5078125 0.9015625 0.23125 0.1171875
2 0.828125 0.83046875 0.11875 0.0625
0 0.87890625 0.17578125 0.1359375 0.14375
0 0.8546875 0.51171875 0.115625 0.09375
3 0.35546875 0.81953125 0.240625 0.090625
3 0.26328125 0.69765625 0.3078125 0.0984375
3 0.0734375 0.7640625 0.146875 0.21875
3 0.1921875 0.88515625 0.2171875 0.090625
3 0.7 0.6125 0.165625 0.0578125
3 0.5890625 0.52421875 0.24375 0.146875
3 0.1515625 0.6078125 0.303125 0.125
3 0.63046875 0.81640625 0.2078125 0.1140625
3 0.48984375 0.61484375 0.3 0.146875
1 0.78515625 0.43671875 0.0875 0.1765625
1 0.925 0.690625 0.0953125 0.2390625
1 0.8359375 0.659375 0.059375 0.1859375
1 0.759375 0.69453125 0.159375 0.115625
1 0.63671875 0.68671875 0.075 0.125
1 0.54609375 0.721875 0.0734375 0.0890625
1 0.4625 0.73671875 0.1109375 0.0953125
2 0.42890625 0.7046875 0.090625 0.0359375
2 0.453125 0.66953125 0.0796875 0.028125
2 0.46796875 0.64296875 0.1 0.034375
2 0.6734375 0.7875 0.1046875 0.053125
2 0.68046875 0.9390625 0.0578125 0.034375
2 0.66953125 0.9078125 0.05 0.0234375
2 0.31796875 0.7578125 0.065625 0.0296875
3 0.7015625 0.34140625 0.128125 0.0703125
3 0.79609375 0.7875 0.109375 0.0546875
3 0.2046875 0.8265625 0.096875 0.05