3 0.81171875 0.0734375 0.134375 0.1359375
3 0.62734375 0.20234375 0.1484375 0.153125
3 0.7296875 0.14296875 0.1484375 0.1265625
3 0.75703125 0.2296875 0.15 0.109375
3 0.54921875 0.26953125 0.13125 0.1125
3 0.45859375 0.30546875 0.15625 0.0859375
3 0.4515625 0.39375 0.13125 0.146875
3 0.61953125 0.41328125 0.125 0.0984375
1 0.68203125 0.3234375 0.0828125 0.1234375
1 0.54765625 0.3625 0.0640625 0.0953125
1 0.6578125 0.54609375 0.1 0.19375
0 0.94609375 0.78046875 0.1078125 0.1328125
1 0.77109375 0.71328125 0.1875 0.2328125
1 0.6734375 0.41953125 0.08125 0.1203125