3 0.278125 0.86796875 0.1375 0.1828125
3 0.16328125 0.96796875 0.1203125 0.0609375
3 0.37265625 0.7796875 0.1265625 0.1359375
3 0.40390625 0.6859375 0.0640625 0.0515625
3 0.39296875 0.6609375 0.071875 0.0453125
3 0.49375 0.7453125 0.146875 0.06875
3 0.5546875 0.665625 0.05 0.1
3 0.48515625 0.58828125 0.0421875 0.046875
3 0.446875 0.6328125 0.0453125 0.0421875
3 0.6734375 0.62109375 0.0484375 0.0484375
3 0.5359375 0.53359375 0.1171875 0.0703125
3 0.596875 0.525 0.0609375 0.0890625
3 0.55 0.4703125 0.0546875 0.0703125
3 0.55 0.42578125 0.040625 0.03125
3 0.27421875 0.35625 0.0953125 0.1984375
3 0.215625 0.33046875 0.078125 0.140625
3 0.41484375 0.27421875 0.05625 0.0515625
3 0.49296875 0.21484375 0.0734375 0.0890625
3 0.49140625 0.29375 0.05625 0.0671875
3 0.415625 0.21171875 0.1 0.075
3 0.171875 0.29765625 0.1140625 0.059375
3 0.35234375 0.44609375 0.0796875 0.0796875
3 0.11484375 0.52890625 0.1515625 0.10625
3 0.21640625 0.58203125 0.1625 0.140625
3 0.2171875 0.740625 0.1421875 0.1484375
3 0.340625 0.6671875 0.075 0.0765625
0 0.06171875 0.1546875 0.1015625 0.1515625
0 0.24296875 0.203125 0.0609375 0.109375
1 0.12109375 0.38984375 0.0734375 0.1578125
1 0.1953125 0.4234375 0.0515625 0.1875
1 0.08359375 0.28828125 0.0921875 0.121875
1 0.44296875 0.5484375 0.0671875 0.1375
1 0.41796875 0.346875 0.075 0.1234375
1 0.4734375 0.44453125 0.0890625 0.125
1 0.39609375 0.5109375 0.1046875 0.121875
3 0.521875 0.653125 0.0875 0.0890625