3 0.5203125 0.815625 0.1375 0.065625
3 0.41640625 0.81640625 0.109375 0.059375
3 0.484375 0.75703125 0.103125 0.0375
3 0.51640625 0.69765625 0.134375 0.0515625
3 0.384375 0.6921875 0.1515625 0.071875
3 0.06640625 0.5796875 0.103125 0.065625
3 0.17734375 0.575 0.078125 0.0453125
3 0.5859375 0.60703125 0.1125 0.121875
3 0.4796875 0.578125 0.040625 0.0296875
3 0.42421875 0.56640625 0.04375 0.03125
3 0.30703125 0.58828125 0.059375 0.040625
3 0.3328125 0.5546875 0.084375 0.03125
2 0.5546875 0.8921875 0.109375 0.078125
2 0.45703125 0.8625 0.13125 0.065625
2 0.63984375 0.91015625 0.05625 0.053125
2 0.62421875 0.87890625 0.096875 0.028125
2 0.72265625 0.890625 0.0890625 0.078125
2 0.75703125 0.82265625 0.078125 0.0640625
2 0.6125 0.78203125 0.0625 0.0390625
2 0.54296875 0.79296875 0.078125 0.040625
2 0.69375 0.76484375 0.11875 0.04375
2 0.70703125 0.721875 0.084375 0.046875
2 0.88359375 0.68203125 0.1 0.05
1 0.8046875 0.85859375 0.0921875 0.0203125
1 0.85078125 0.803125 0.034375 0.090625
1 0.82890625 0.72265625 0.075 0.0921875
1 0.696875 0.72890625 0.225 0.034375
1 0.7953125 0.64609375 0.0796875 0.08125
1 0.84140625 0.6640625 0.15625 0.1640625
1 0.7609375 0.51953125 0.15 0.1375
0 0.740625 0.39609375 0.128125 0.125
0 0.82890625 0.22421875 0.2828125 0.13125
1 0.5765625 0.35703125 0.159375 0.0484375
1 0.5046875 0.4140625 0.184375 0.059375
1 0.45859375 0.49375 0.05625 0.10625
1 0.5015625 0.46171875 0.0484375 0.065625
1 0.3671875 0.49921875 0.065625 0.0765625