0 0.16015625 0.865625 0.1578125 0.0921875
0 0.259375 0.7296875 0.08125 0.09765625
1 0.26484375 0.5890625 0.0578125 0.18515625
1 0.23203125 0.41328125 0.06171875 0.1578125
1 0.37109375 0.57421875 0.03828125 0.165625
1 0.37578125 0.7078125 0.06953125 0.16171875
3 0.26484375 0.11015625 0.26953125 0.09296875
3 0.2015625 0.21015625 0.13046875 0.08359375
3 0.321875 0.27578125 0.1203125 0.10546875
3 0.4546875 0.2578125 0.1234375 0.11953125
3 0.11953125 0.33359375 0.146875 0.11796875
3 0.34453125 0.41953125 0.09375 0.1484375
3 0.45234375 0.36796875 0.14375 0.0890625
3 0.66015625 0.3859375 0.27734375 0.1640625
3 0.52578125 0.4859375 0.23984375 0.11171875
3 0.78125 0.5125 0.13984375 0.15390625
3 0.6859375 0.578125 0.1125 0.07890625
3 0.63046875 0.63359375 0.1265625 0.07578125