0 0.3671875 0.2015625 0.1890625 0.15625
0 0.334375 0.134375 0.209375 0.08125
3 0.1484375 0.83828125 0.2046875 0.184375
3 0.40390625 0.85390625 0.2203125 0.14375
3 0.65 0.79609375 0.371875 0.18125
3 0.59609375 0.7203125 0.2625 0.21875
3 0.4078125 0.67734375 0.309375 0.2359375
3 0.2109375 0.6328125 0.1109375 0.078125
3 0.28203125 0.54921875 0.1328125 0.0859375
1 0.25078125 0.2921875 0.0703125 0.265625
1 0.240625 0.4703125 0.0640625 0.1015625
1 0.18828125 0.71640625 0.0703125 0.115625
1 0.33515625 0.62265625 0.078125 0.059375