0 0.1125 0.125 0.225 0.078125
0 0.2140625 0.159375 0.0671875 0.06875
1 0.2640625 0.26796875 0.1078125 0.1578125
1 0.34140625 0.390625 0.0921875 0.1296875
1 0.43125 0.39453125 0.140625 0.0734375
3 0.471875 0.45859375 0.10625 0.065625
3 0.571875 0.41953125 0.15625 0.0890625
3 0.36015625 0.75859375 0.121875 0.0640625
3 0.38515625 0.72265625 0.1796875 0.0703125
3 0.43828125 0.6734375 0.125 0.084375
1 0.375 0.89453125 0.1 0.1140625
1 0.41484375 0.82265625 0.215625 0.059375
1 0.51015625 0.76796875 0.090625 0.103125
1 0.25234375 0.721875 0.0984375 0.1265625
1 0.32109375 0.6359375 0.1765625 0.0703125
1 0.4671875 0.578125 0.2046875 0.1359375
1 0.55859375 0.496875 0.2578125 0.0796875