3 0.04921875 0.25234375 0.0984375 0.1328125
3 0.25546875 0.28828125 0.1453125 0.15
3 0.13671875 0.2796875 0.146875 0.1234375
3 0.15078125 0.36953125 0.1484375 0.10625
3 0.35546875 0.3140625 0.1296875 0.109375
3 0.4515625 0.30703125 0.1546875 0.08125
3 0.496875 0.38359375 0.128125 0.14375
3 0.3546875 0.47421875 0.1234375 0.0953125
1 0.25859375 0.42109375 0.0796875 0.1234375
1 0.396875 0.39765625 0.0609375 0.0953125
1 0.378125 0.6109375 0.09375 0.19375
0 0.18828125 0.95 0.1796875 0.1
1 0.34921875 0.8109375 0.18125 0.2296875
1 0.309375 0.50390625 0.0765625 0.11875