3 0.39453125 0.2640625 0.1 0.10234375
3 0.36953125 0.13203125 0.1109375 0.06328125
3 0.33125 0.50859375 0.07734375 0.075
3 0.21484375 0.58203125 0.0453125 0.05234375
3 0.321875 0.59609375 0.12421875 0.07265625
3 0.29453125 0.6546875 0.08671875 0.09375
3 0.46953125 0.6203125 0.08359375 0.07265625
0 0.06171875 0.8875 0.11171875 0.07109375
1 0.29140625 0.7703125 0.159375 0.06484375
1 0.375 0.6890625 0.04921875 0.12265625
1 0.47265625 0.3515625 0.0546875 0.16484375
1 0.49921875 0.50078125 0.0484375 0.16953125
1 0.4 0.54921875 0.03359375 0.16796875
1 0.27578125 0.040625 0.2078125 0.07734375
1 0.1453125 0.09375 0.06875 0.159375
1 0.1828125 0.21875 0.07265625 0.10859375
1 0.25546875 0.3125 0.09765625 0.11875
1 0.32890625 0.31875 0.04140625 0.12734375
1 0.16953125 0.32421875 0.10546875 0.05859375
1 0.36171875 0.39765625 0.04140625 0.159375
1 0.45625 0.37421875 0.10546875 0.02578125
1 0.31640625 0.3953125 0.08125 0.08125