3 0.58125 0.30078125 0.1609375 0.1328125
3 0.92734375 0.5234375 0.1453125 0.146875
3 0.82109375 0.521875 0.0671875 0.0890625
3 0.7375 0.55390625 0.121875 0.065625
3 0.74140625 0.525 0.0734375 0.06875
3 0.63125 0.5671875 0.1078125 0.0578125
3 0.7015625 0.6421875 0.128125 0.10625
3 0.76328125 0.62265625 0.0609375 0.0640625
2 0.71171875 0.61875 0.065625 0.0765625
2 0.63984375 0.60234375 0.125 0.0578125
2 0.54609375 0.6625 0.0296875 0.0546875
2 0.53125 0.7078125 0.0421875 0.046875
2 0.51640625 0.73671875 0.04375 0.04375
2 0.94609375 0.7796875 0.1078125 0.171875
2 0.47109375 0.6046875 0.0640625 0.1171875
2 0.5296875 0.5875 0.0890625 0.0625
2 0.53125 0.54375 0.0953125 0.0578125
1 0.9609375 0.64453125 0.0625 0.1234375
1 0.5921875 0.8171875 0.1921875 0.1625
1 0.85390625 0.65625 0.16875 0.0671875
1 0.62421875 0.6796875 0.14375 0.059375
1 0.834375 0.36640625 0.115625 0.25
1 0.60703125 0.51328125 0.1015625 0.1109375
1 0.6640625 0.43515625 0.14375 0.11875
1 0.75625 0.42578125 0.0703125 0.159375
1 0.70546875 0.33515625 0.2078125 0.0796875
0 0.75234375 0.0546875 0.1640625 0.109375
1 0.803125 0.17265625 0.0765625 0.1734375