0 0.29921875 0.67734375 0.0875 0.0546875
1 0.32890625 0.55546875 0.0921875 0.1859375
1 0.2953125 0.4359375 0.075 0.0984375
1 0.36015625 0.409375 0.11875 0.0859375
2 0.1640625 0.23671875 0.1265625 0.1125
2 0.28203125 0.2921875 0.1625 0.0953125
2 0.36796875 0.2890625 0.0578125 0.075
2 0.39765625 0.334375 0.05 0.04375
3 0.2296875 0.57734375 0.1046875 0.103125
3 0.47578125 0.41953125 0.1171875 0.121875
3 0.31953125 0.315625 0.06875 0.046875
3 0.26953125 0.34921875 0.0484375 0.05625
3 0.24921875 0.44765625 0.0515625 0.0640625
3 0.09765625 0.33359375 0.128125 0.0875
3 0.0578125 0.38828125 0.084375 0.0640625
1 0.196875 0.36328125 0.0703125 0.090625
1 0.22734375 0.40546875 0.0453125 0.04375
3 0.0296875 0.296875 0.059375 0.059375
3 0.3140625 0.35390625 0.078125 0.065625
1 0.19765625 0.309375 0.06875 0.0859375
1 0.24921875 0.3765625 0.0578125 0.0875
1 0.353125 0.3578125 0.03125 0.0578125
3 0.4265625 0.46640625 0.0859375 0.0984375
3 0.14296875 0.38515625 0.0828125 0.0703125