0 0.33203125 0.7796875 0.1734375 0.13671875
0 0.29140625 0.84296875 0.2046875 0.05625
3 0.1921875 0.12109375 0.18671875 0.16328125
3 0.44765625 0.13671875 0.2078125 0.11953125
3 0.68515625 0.22421875 0.3578125 0.13828125
3 0.621875 0.29296875 0.24140625 0.190625
3 0.43046875 0.3125 0.28671875 0.20234375
3 0.2296875 0.3328125 0.10390625 0.065625
3 0.28984375 0.425 0.12421875 0.071875
1 0.22734375 0.67578125 0.0390625 0.2625
1 0.2390625 0.49765625 0.05234375 0.09609375
1 0.2171875 0.246875 0.05703125 0.109375
1 0.3515625 0.3578125 0.071875 0.05078125