3 0.53984375 0.3453125 0.096875 0.0875
3 0.60078125 0.39296875 0.0796875 0.065625
3 0.7984375 0.30546875 0.090625 0.071875
0 0.8125 0.2203125 0.1796875 0.0875
0 0.75234375 0.26328125 0.0546875 0.05625
1 0.6578125 0.3828125 0.0328125 0.134375
3 0.7796875 0.403125 0.184375 0.11875
3 0.709375 0.47734375 0.134375 0.075
3 0.534375 0.4859375 0.13125 0.046875
3 0.71953125 0.5515625 0.184375 0.0546875
3 0.721875 0.60703125 0.2015625 0.0453125
3 0.68828125 0.66875 0.1125 0.096875
3 0.9125 0.67421875 0.075 0.0875
3 0.83125 0.47734375 0.06875 0.034375
3 0.87421875 0.4328125 0.0671875 0.0609375
3 0.66171875 0.78671875 0.175 0.0890625
3 0.65703125 0.8578125 0.146875 0.059375
3 0.66875 0.90546875 0.0921875 0.0375
3 0.79296875 0.921875 0.175 0.034375
3 0.84296875 0.8578125 0.15625 0.1
3 0.8296875 0.75859375 0.11875 0.1046875
2 0.83125 0.53203125 0.0890625 0.04375
1 0.51171875 0.6390625 0.1046875 0.2328125
1 0.421875 0.81015625 0.034375 0.1859375
1 0.4921875 0.80078125 0.05625 0.1375
1 0.9609375 0.55078125 0.04375 0.196875