3 0.45 0.75390625 0.1203125 0.121875
3 0.45546875 0.8875 0.121875 0.0859375
3 0.33359375 0.5296875 0.0921875 0.090625
3 0.20390625 0.484375 0.05625 0.0609375
3 0.3046875 0.44609375 0.1375 0.0984375
3 0.26484375 0.3953125 0.10625 0.1109375
3 0.44296875 0.38984375 0.0984375 0.0890625
0 0.02421875 0.2203125 0.0484375 0.09375
1 0.2359375 0.28359375 0.1703125 0.0984375
1 0.3359375 0.34375 0.075 0.13125
1 0.50703125 0.65078125 0.090625 0.1734375
1 0.49921875 0.49921875 0.0859375 0.1765625
1 0.39140625 0.47421875 0.0703125 0.171875
1 0.38515625 0.96796875 0.2203125 0.0640625
1 0.2453125 0.9453125 0.103125 0.109375
1 0.25390625 0.8453125 0.0953125 0.121875
1 0.30390625 0.7375 0.121875 0.1375
1 0.37421875 0.71484375 0.06875 0.1328125
1 0.2171875 0.7453125 0.115625 0.08125
1 0.38828125 0.63046875 0.0765625 0.1640625
1 0.4859375 0.63203125 0.1078125 0.0484375
1 0.34453125 0.64296875 0.096875 0.096875