3 0.47109375 0.65703125 0.103125 0.09375
3 0.40703125 0.6140625 0.084375 0.0703125
3 0.215625 0.71484375 0.096875 0.078125
0 0.2078125 0.80078125 0.1859375 0.0984375
0 0.26484375 0.75390625 0.0578125 0.059375
1 0.35078125 0.628125 0.0421875 0.1359375
3 0.228125 0.61640625 0.190625 0.13125
3 0.29296875 0.5375 0.1390625 0.0828125
3 0.46640625 0.51640625 0.134375 0.0546875
3 0.27734375 0.4640625 0.1875 0.0671875
3 0.27109375 0.40859375 0.2046875 0.059375
3 0.30078125 0.34453125 0.11875 0.1046875
3 0.0765625 0.3546875 0.0796875 0.0921875
3 0.17109375 0.54609375 0.071875 0.040625
3 0.13125 0.59296875 0.071875 0.065625
3 0.31875 0.225 0.18125 0.1015625
3 0.31875 0.15390625 0.1515625 0.06875
3 0.303125 0.10703125 0.0953125 0.04375
3 0.178125 0.09921875 0.1765625 0.046875
3 0.1328125 0.1671875 0.1625 0.109375
3 0.153125 0.26484375 0.1265625 0.1125
2 0.1671875 0.49140625 0.0921875 0.0484375
1 0.47890625 0.36171875 0.1203125 0.2390625
1 0.55625 0.18515625 0.046875 0.1875
1 0.48671875 0.19921875 0.065625 0.140625
1 0.03671875 0.48125 0.0578125 0.2