3 0.4328125 0.82890625 0.171875 0.13125
3 0.16328125 0.6 0.1015625 0.103125
3 0.221875 0.6515625 0.10625 0.1
3 0.28203125 0.609375 0.184375 0.040625
3 0.67265625 0.75625 0.1484375 0.078125
3 0.5984375 0.70234375 0.23125 0.0421875
3 0.49921875 0.6453125 0.134375 0.071875
3 0.0859375 0.53984375 0.171875 0.0453125
3 0.06484375 0.49921875 0.1203125 0.025
3 0.32890625 0.765625 0.215625 0.09375
2 0.74609375 0.65703125 0.365625 0.053125
2 0.83125 0.73984375 0.1796875 0.121875
2 0.58359375 0.85078125 0.1421875 0.1
2 0.31796875 0.52890625 0.165625 0.065625
2 0.4640625 0.5875 0.19375 0.0578125
0 0.26328125 0.12109375 0.375 0.23125
1 0.23203125 0.3109375 0.184375 0.1421875
1 0.13671875 0.4375 0.0609375 0.1203125
1 0.18203125 0.4359375 0.06875 0.146875
1 0.234375 0.4140625 0.078125 0.2140625
1 0.15703125 0.690625 0.028125 0.084375
1 0.62265625 0.596875 0.321875 0.028125
1 0.35078125 0.5734375 0.275 0.05625