3 0.65546875 0.70625 0.1203125 0.121875
3 0.71015625 0.82890625 0.121875 0.0859375
3 0.6625 0.45390625 0.0921875 0.090625
3 0.759375 0.35625 0.05625 0.0609375
3 0.6515625 0.36640625 0.1375 0.0984375
3 0.665625 0.303125 0.10625 0.1109375
3 0.50234375 0.37578125 0.0984375 0.0890625
0 0.8390625 0.03515625 0.125 0.0703125
1 0.6421875 0.18984375 0.1703125 0.0984375
1 0.57890625 0.2875 0.075 0.13125
1 0.56015625 0.63828125 0.090625 0.1734375
1 0.50078125 0.49921875 0.0859375 0.1765625
1 0.58671875 0.4296875 0.0703125 0.171875
1 0.821875 0.896875 0.2203125 0.121875
1 0.93671875 0.81640625 0.103125 0.1703125
1 0.87265625 0.70234375 0.0953125 0.121875
1 0.78046875 0.62734375 0.121875 0.1375
1 0.7078125 0.63828125 0.06875 0.1328125
1 0.86171875 0.596875 0.115625 0.08125
1 0.6578125 0.56875 0.0765625 0.1640625
1 0.57109375 0.6125 0.1078125 0.0484375
1 0.70234375 0.5609375 0.096875 0.096875