0 0.13515625 0.84140625 0.1640625 0.103125
0 0.24375 0.7125 0.0875 0.103125
1 0.259375 0.57265625 0.0703125 0.1890625
1 0.2390625 0.39453125 0.071875 0.1625
1 0.36640625 0.56484375 0.05 0.1671875
1 0.36171875 0.6984375 0.08125 0.165625
3 0.29296875 0.09453125 0.275 0.1109375
3 0.22265625 0.18984375 0.1359375 0.0921875
3 0.33828125 0.2640625 0.128125 0.1140625
3 0.471875 0.25546875 0.13125 0.128125
3 0.13203125 0.3078125 0.1546875 0.128125
3 0.35078125 0.40859375 0.103125 0.1546875
3 0.46171875 0.36484375 0.15 0.0984375
3 0.66796875 0.39765625 0.2875 0.1828125
3 0.5265625 0.4875 0.246875 0.128125
3 0.7796875 0.53203125 0.15 0.1640625
3 0.6796875 0.590625 0.1171875 0.0859375
3 0.62109375 0.6421875 0.13125 0.084375