3 0.35 0.6546875 0.159375 0.128125
3 0.10859375 0.315625 0.15 0.14375
3 0.2109375 0.359375 0.065625 0.0890625
3 0.3 0.3609375 0.1203125 0.0625
3 0.28515625 0.3859375 0.071875 0.065625
3 0.40390625 0.38828125 0.1078125 0.0546875
3 0.3671875 0.2921875 0.1265625 0.103125
3 0.3015625 0.2875 0.059375 0.0625
2 0.3484375 0.3109375 0.0640625 0.075
2 0.40859375 0.353125 0.125 0.0546875
2 0.51875 0.33203125 0.028125 0.0546875
2 0.5484375 0.2953125 0.0421875 0.0453125
2 0.5734375 0.27421875 0.04375 0.04375
2 0.1671875 0.0734375 0.153125 0.146875
2 0.565625 0.4140625 0.059375 0.1171875
2 0.50546875 0.4078125 0.0875 0.059375
2 0.4875 0.44765625 0.0953125 0.05625
1 0.1265625 0.19296875 0.0578125 0.1234375
1 0.53359375 0.17109375 0.1890625 0.1578125
1 0.23046875 0.22265625 0.16875 0.0625
1 0.4515625 0.28671875 0.14375 0.0546875
1 0.13984375 0.4984375 0.1078125 0.2484375
1 0.40546875 0.44765625 0.0984375 0.109375
1 0.3234375 0.4984375 0.140625 0.1140625
1 0.234375 0.47265625 0.065625 0.1578125
1 0.24765625 0.57578125 0.2078125 0.0734375
0 0.09765625 0.81875 0.1609375 0.1078125
1 0.09609375 0.68984375 0.0703125 0.1734375