3 0.49765625 0.8359375 0.1953125 0.1640625
3 0.80859375 0.66796875 0.1203125 0.121875
3 0.740625 0.70625 0.1234375 0.1203125
3 0.690625 0.65234375 0.1890625 0.078125
3 0.278125 0.71484375 0.1609375 0.1078125
3 0.36171875 0.67734375 0.2359375 0.0890625
3 0.4703125 0.6421875 0.1453125 0.0984375
3 0.896875 0.625 0.178125 0.0796875
3 0.92578125 0.58984375 0.1234375 0.05
3 0.6125 0.7953125 0.23125 0.1359375
2 0.2265625 0.60234375 0.36875 0.128125
2 0.12578125 0.665625 0.2015625 0.15625
2 0.3453125 0.82578125 0.159375 0.128125
2 0.671875 0.56640625 0.175 0.0984375
2 0.5171875 0.59296875 0.2015625 0.096875
0 0.8015625 0.17890625 0.396875 0.3046875
1 0.8015625 0.37109375 0.209375 0.178125
1 0.86796875 0.5140625 0.084375 0.1296875
1 0.82421875 0.503125 0.096875 0.1578125
1 0.77734375 0.47109375 0.1203125 0.225
1 0.79609375 0.7578125 0.04375 0.0890625
1 0.36015625 0.56953125 0.321875 0.0953125
1 0.63046875 0.603125 0.28125 0.1109375