0 0.740625 0.06328125 0.175 0.1265625
0 0.678125 0.21875 0.103125 0.1140625
1 0.70625 0.35703125 0.1015625 0.19375
1 0.78125 0.51953125 0.0984375 0.16875
1 0.60703125 0.396875 0.0765625 0.1703125
1 0.5703125 0.26796875 0.10625 0.1734375
3 0.82265625 0.82109375 0.284375 0.1546875
3 0.859375 0.709375 0.146875 0.1125
3 0.72734375 0.67421875 0.1421875 0.13125
3 0.60234375 0.72421875 0.1484375 0.1453125
3 0.909375 0.56953125 0.1703125 0.15
3 0.6703125 0.540625 0.1265625 0.1671875
3 0.578125 0.61640625 0.1609375 0.121875
3 0.371875 0.64921875 0.309375 0.2265625
3 0.478125 0.51953125 0.259375 0.1671875
3 0.22421875 0.55625 0.1734375 0.1828125
3 0.30078125 0.46953125 0.128125 0.103125
3 0.34140625 0.4015625 0.140625 0.1046875