0 0.31328125 0.7671875 0.1828125 0.1484375
0 0.26796875 0.82734375 0.2078125 0.0703125
3 0.21953125 0.10078125 0.196875 0.1765625
3 0.4734375 0.13359375 0.215625 0.134375
3 0.70390625 0.2375 0.3671875 0.1625
3 0.6359375 0.30234375 0.2546875 0.20625
3 0.44375 0.3078125 0.3 0.221875
3 0.2421875 0.3140625 0.1078125 0.0734375
3 0.2953125 0.41015625 0.1296875 0.0796875
1 0.215625 0.65625 0.0578125 0.2640625
1 0.23984375 0.4796875 0.059375 0.1
1 0.23515625 0.228125 0.0640625 0.1125
1 0.36171875 0.34765625 0.075 0.05625